# Sample input file generated automatically at Sat Apr 11 21:21:20 EDT 2020
# All lines beginning with # are comments and can be ignored
# Probability of keeping the same dice
0.0
# Emission Probs
0.99 0.005 0.005
0.005 0.99 0.005
0.005 0.005 0.99
#
# Emissions
1,3,2,3,2,1,2,2,1,3,1,2,3,2,1,3,1,3,2,3,2,1,3,1,2,3,1,2,3,1,3,1,3,1,3,2,3,1,3,1,3,2,3,1,3,1,2,1,3,2,3,2,1,2,3,2,3,1,3,1,3,1,3,2,1,2,1,3,2,1,2,3,2,1,2,1,3,2,3,2,3,1,3,1,1,2,3,2,1,2,1,2,3,1,3,1,3,1,2,3
#
# States, for testing/validation (Only available in some files)
1,3,2,3,2,1,2,3,1,3,1,2,3,2,1,3,1,3,2,3,2,1,3,1,2,3,1,2,3,1,3,1,3,1,3,2,3,1,3,1,3,2,3,1,3,1,2,1,3,2,3,2,1,2,1,2,3,1,3,1,3,1,3,2,1,2,1,3,2,1,2,3,2,1,2,1,3,2,3,2,3,1,3,1,3,2,3,2,1,2,1,2,3,1,3,1,3,1,2,3
