# Every line that begins with # is a comment
# File name format: graph_n_m.txt, where n: number of vertices and m: number of edges
# Landscape consists of 10 "squares" by 10 "squares" (like a chessboard), indexed from 0 through 9
# Each "square" is 100x100.
# Vertices: Index, SquareX, SquareY
Vertices
0,4,0
1,6,5
2,2,9
3,1,0
4,4,5
5,5,3
6,2,4
7,5,3
8,7,3
9,2,1
10,5,2
11,4,3
12,1,5
13,5,7
14,0,9
15,8,8
16,5,4
17,7,7
18,9,9
19,9,2
20,6,1
21,4,9
22,0,3
23,2,6
24,7,4
25,0,1
26,7,8
27,5,5
28,0,4
29,2,8
30,8,3
31,5,5
32,2,8
33,6,8
34,2,3
35,5,3
36,2,0
37,4,7
38,2,3
39,4,5
40,2,6
41,9,6
42,4,6
43,9,5
44,8,1
45,4,8
46,6,6
47,5,9
48,1,4
49,1,0
50,9,6
51,7,3
52,1,9
53,2,7
54,1,7
55,5,7
56,9,4
57,1,2
58,0,0
59,0,0
60,7,4
61,4,1
62,0,7
63,2,5
64,9,8
65,4,5
66,7,4
67,0,5
68,4,8
69,5,6
70,2,4
71,7,0
72,5,1
73,7,9
74,7,3
75,7,9
76,5,0
77,0,3
78,5,7
79,6,9
80,9,8
81,8,3
82,3,5
83,8,5
84,3,2
85,9,0
86,0,4
87,0,2
88,7,2
89,0,6
90,4,9
91,2,9
92,0,1
93,6,7
94,4,1
95,5,6
96,2,3
97,2,2
98,9,8
99,8,2
100,7,3
101,8,0
102,5,8
103,0,4
104,1,1
105,7,7
106,4,1
107,1,6
108,2,5
109,7,6
110,4,4
111,5,2
112,8,1
113,7,4
114,6,1
115,4,4
116,6,1
117,7,9
118,3,6
119,9,2
120,3,6
121,6,8
122,9,9
123,7,0
124,0,3
125,8,7
126,3,5
127,6,6
128,5,7
129,4,1
130,9,6
131,1,0
132,0,5
133,5,8
134,6,7
135,5,3
136,1,3
137,8,6
138,2,5
139,2,1
140,9,7
141,8,2
142,3,4
143,3,3
144,5,4
145,3,5
146,0,5
147,2,8
148,4,6
149,4,4
150,8,2
151,4,9
152,6,5
153,3,7
154,7,1
155,8,7
156,4,8
157,1,2
158,5,6
159,6,3
160,7,0
161,5,6
162,3,4
163,1,6
164,7,6
165,0,4
166,8,7
167,4,5
168,8,3
169,9,8
170,0,2
171,2,2
172,8,2
173,5,5
174,9,8
175,3,8
176,2,9
177,9,8
178,3,0
179,2,1
180,8,9
181,2,3
182,1,5
183,7,1
184,0,7
185,6,2
186,4,4
187,7,2
188,6,5
189,6,0
190,2,1
191,3,0
192,8,8
193,8,4
194,5,4
195,4,5
196,4,5
197,3,7
198,0,2
199,7,5
# Edges: fromIndex, toIndex, edgeCost
Edges
0,4,778
0,5,311
0,7,430
0,9,477
0,12,562
0,13,986
0,15,1055
0,16,326
0,17,762
0,20,242
0,21,881
0,27,509
0,28,792
0,29,765
0,30,451
0,33,763
0,35,252
0,40,815
0,41,878
0,43,1195
0,45,785
0,46,758
0,47,963
0,50,702
0,54,772
0,62,854
0,64,892
0,69,735
0,74,459
0,75,1671
0,77,629
0,79,855
0,81,752
0,85,841
0,87,472
0,88,376
0,90,840
0,97,283
0,98,1001
0,99,405
0,100,495
0,101,419
0,102,950
0,106,143
0,113,476
0,114,144
0,115,350
0,116,287
0,118,881
0,121,904
0,125,825
0,126,515
0,131,369
0,135,339
0,148,581
0,153,681
0,160,282
0,161,1168
0,162,498
0,163,1013
0,167,597
0,169,879
0,170,633
0,173,668
0,174,849
0,175,1004
0,177,1499
0,181,372
0,182,709
0,184,1177
0,186,550
0,189,365
0,190,231
0,191,135
0,192,1248
0,196,798
0,199,527
1,4,450
1,8,214
1,9,698
1,10,579
1,12,574
1,16,240
1,19,447
1,20,596
1,22,719
1,26,302
1,32,533
1,35,358
1,37,266
1,42,206
1,45,603
1,51,222
1,54,612
1,59,861
1,61,886
1,62,707
1,63,457
1,65,358
1,68,425
1,70,816
1,71,631
1,72,430
1,73,388
1,74,287
1,79,361
1,80,459
1,83,438
1,85,581
1,86,1174
1,88,351
1,90,668
1,91,571
1,93,305
1,95,138
1,97,591
1,98,475
1,99,459
1,101,547
1,105,247
1,115,322
1,119,436
1,120,359
1,124,825
1,127,65
1,131,791
1,132,765
1,133,407
1,134,219
1,135,209
1,140,661
1,143,410
1,144,223
1,150,554
1,152,19
1,154,683
1,155,260
1,157,589
1,158,179
1,160,913
1,161,189
1,163,668
1,164,119
1,167,182
1,170,752
1,175,579
1,178,763
1,183,385
1,184,1085
1,185,378
1,188,94
1,189,577
1,191,712
1,194,224
1,199,77
2,3,944
2,4,479
2,7,1151
2,9,1194
2,10,795
2,11,705
2,12,603
2,14,171
2,16,618
2,18,745
2,19,1384
2,21,172
2,23,481
2,24,1004
2,29,250
2,33,718
2,34,645
2,35,750
2,36,1099
2,40,275
2,42,511
2,44,997
2,45,275
2,48,695
2,49,1024
2,52,96
2,55,507
2,57,700
2,58,1006
2,60,901
2,62,280
2,63,649
2,65,608
2,67,599
2,69,724
2,73,874
2,76,991
2,77,639
2,83,872
2,85,1766
2,90,210
2,91,29
2,92,1484
2,93,618
2,96,642
2,98,926
2,99,937
2,100,1006
2,104,1056
2,108,398
2,109,626
2,117,522
2,118,497
2,119,1426
2,123,1835
2,124,633
2,127,608
2,131,982
2,132,1011
2,135,678
2,138,483
2,139,1081
2,140,1268
2,143,645
2,144,615
2,146,840
2,150,955
2,153,367
2,158,748
2,160,1155
2,161,815
2,166,631
2,167,450
2,169,676
2,170,810
2,171,702
2,175,179
2,176,51
2,178,1463
2,179,834
2,181,981
2,188,1004
2,189,1097
2,191,954
2,193,813
2,196,481
3,5,949
3,7,539
3,8,806
3,9,282
3,11,458
3,13,927
3,14,892
3,15,1350
3,20,552
3,23,785
3,25,158
3,29,779
3,31,922
3,33,1119
3,34,383
3,37,761
3,38,432
3,40,1092
3,41,1028
3,42,1158
3,43,1741
3,44,761
3,49,71
3,50,1923
3,51,930
3,52,1117
3,54,686
3,56,1022
3,57,383
3,60,896
3,65,687
3,67,534
3,69,763
3,70,491
3,72,476
3,73,1789
3,80,1711
3,84,272
3,90,973
3,92,203
3,93,932
3,94,410
3,96,326
3,98,1216
3,99,765
3,101,889
3,104,129
3,108,745
3,113,742
3,114,486
3,116,585
3,117,1664
3,118,603
3,119,1410
3,121,973
3,123,601
3,124,359
3,134,1317
3,135,696
3,137,1232
3,139,152
3,141,822
3,146,860
3,148,1059
3,153,868
3,154,984
3,155,1017
3,156,1495
3,160,957
3,161,751
3,165,701
3,170,281
3,171,257
3,172,700
3,174,1833
3,180,1287
3,183,948
3,184,1000
3,185,742
3,186,840
3,189,562
3,191,335
3,192,1079
3,194,634
3,196,855
3,198,303
4,9,563
4,12,286
4,17,546
4,20,581
4,22,460
4,23,192
4,24,451
4,29,360
4,30,582
4,31,177
4,32,388
4,33,388
4,35,333
4,37,211
4,43,736
4,44,563
4,45,451
4,46,237
4,47,785
4,50,509
4,51,417
4,53,322
4,56,568
4,57,492
4,58,791
4,62,676
4,63,207
4,64,600
4,65,97
4,67,453
4,70,351
4,71,761
4,72,559
4,73,634
4,75,511
4,76,519
4,81,805
4,93,673
4,94,490
4,95,287
4,98,762
4,100,510
4,104,463
4,111,347
4,112,604
4,113,358
4,115,133
4,117,537
4,122,670
4,128,213
4,129,400
4,131,521
4,133,552
4,134,326
4,136,309
4,138,224
4,139,505
4,141,540
4,143,224
4,148,264
4,152,295
4,153,323
4,156,361
4,158,209
4,160,815
4,165,406
4,175,346
4,177,850
4,180,783
4,181,271
4,183,547
4,185,564
4,189,558
4,191,484
4,198,640
4,199,494
5,9,472
5,10,121
5,11,130
5,14,1136
5,17,709
5,18,767
5,19,755
5,21,593
5,22,900
5,23,375
5,24,276
5,26,881
5,29,639
5,30,343
5,32,639
5,34,319
5,36,480
5,37,408
5,41,539
5,43,804
5,45,644
5,47,945
5,51,389
5,54,626
5,56,441
5,60,386
5,61,458
5,62,1079
5,63,403
5,64,623
5,65,443
5,71,378
5,72,197
5,74,205
5,77,563
5,81,467
5,84,299
5,88,294
5,91,817
5,96,288
5,98,772
5,102,584
5,104,458
5,105,444
5,106,290
5,107,461
5,109,405
5,114,237
5,115,149
5,117,624
5,119,463
5,120,423
5,127,583
5,128,542
5,129,314
5,131,609
5,133,467
5,136,515
5,138,456
5,142,315
5,146,519
5,147,618
5,148,319
5,149,175
5,151,910
5,153,470
5,154,537
5,157,437
5,158,273
5,162,181
5,164,389
5,165,725
5,167,263
5,173,209
5,174,822
5,175,562
5,177,795
5,179,523
5,181,332
5,182,480
5,183,245
5,186,190
5,189,351
5,192,616
5,197,873
6,8,575
6,10,385
6,12,183
6,25,423
6,27,283
6,28,285
6,30,581
6,33,647
6,38,126
6,39,235
6,44,701
6,46,420
6,50,719
6,51,686
6,58,483
6,61,318
6,64,1178
6,70,82
6,71,595
6,73,655
6,74,472
6,75,731
6,80,1152
6,83,622
6,85,1307
6,86,430
6,87,334
6,90,758
6,94,620
6,101,727
6,103,317
6,104,329
6,107,285
6,122,1250
6,123,891
6,124,429
6,127,447
6,129,290
6,130,757
6,131,390
6,137,1012
6,142,47
6,148,310
6,149,185
6,150,629
6,151,533
6,153,333
6,159,745
6,160,1068
6,161,634
6,163,281
6,164,692
6,165,229
6,168,824
6,169,756
6,180,833
6,181,194
6,182,215
6,183,528
6,188,503
6,191,518
6,192,1307
6,193,666
6,195,268
6,196,245
6,198,433
6,199,803
7,9,491
7,11,163
7,15,596
7,19,384
7,21,604
7,25,580
7,28,547
7,30,251
7,34,461
7,36,949
7,42,448
7,45,556
7,46,288
7,47,654
7,49,1028
7,53,779
7,54,794
7,58,626
7,59,646
7,63,454
7,66,197
7,71,650
7,72,260
7,79,890
7,85,490
7,87,620
7,89,603
7,90,1075
7,98,727
7,106,261
7,108,429
7,109,328
7,112,344
7,114,398
7,116,202
7,120,385
7,124,564
7,125,426
7,127,495
7,128,496
7,129,245
7,134,405
7,135,22
7,140,627
7,141,307
7,146,866
7,147,1054
7,149,332
7,150,347
7,151,667
7,155,855
7,156,551
7,161,311
7,162,349
7,163,869
7,164,353
7,166,463
7,167,258
7,168,270
7,169,593
7,170,591
7,171,423
7,172,258
7,174,761
7,176,903
7,177,641
7,185,302
7,188,173
7,189,343
7,193,500
8,9,521
8,10,252
8,11,271
8,12,1002
8,14,915
8,16,214
8,19,284
8,25,712
8,31,258
8,33,475
8,35,137
8,36,648
8,37,857
8,40,847
8,42,675
8,43,321
8,44,221
8,46,300
8,53,616
8,54,1003
8,58,1092
8,62,892
8,64,526
8,71,293
8,72,245
8,73,589
8,74,30
8,80,966
8,85,384
8,87,1068
8,91,776
8,92,897
8,96,471
8,97,511
8,98,684
8,102,695
8,117,588
8,119,364
8,127,279
8,129,361
8,131,775
8,132,992
8,135,198
8,141,237
8,144,213
8,146,1292
8,147,1307
8,150,198
8,153,647
8,155,528
8,156,612
8,158,311
8,159,47
8,162,402
8,165,1314
8,167,379
8,169,748
8,171,785
8,174,509
8,177,1108
8,178,521
8,181,510
8,182,629
8,185,209
8,187,131
8,188,278
8,189,657
8,190,724
8,192,653
8,194,172
8,196,620
9,10,375
9,14,1503
9,16,409
9,17,826
9,18,1329
9,22,320
9,24,1075
9,27,728
9,34,252
9,35,512
9,36,138
9,37,605
9,39,465
9,41,954
9,42,575
9,44,780
9,45,835
9,48,534
9,52,842
9,53,1120
9,60,680
9,63,616
9,64,1186
9,68,823
9,69,697
9,71,529
9,75,910
9,76,382
9,79,865
9,80,1702
9,83,751
9,85,850
9,88,756
9,89,582
9,90,790
9,92,439
9,94,249
9,102,1100
9,103,360
9,105,799
9,106,237
9,107,524
9,110,355
9,112,1213
9,115,355
9,120,486
9,121,977
9,123,507
9,124,331
9,126,649
9,127,651
9,128,782
9,131,144
9,132,628
9,133,1395
9,134,979
9,135,425
9,137,924
9,139,25
9,143,240
9,144,449
9,145,431
9,146,436
9,148,569
9,149,427
9,152,1124
9,160,594
9,161,850
9,162,506
9,164,748
9,165,367
9,166,816
9,167,586
9,168,655
9,169,989
9,172,573
9,173,526
9,181,221
9,183,479
9,184,1130
9,185,476
9,186,351
9,187,586
9,188,734
9,189,448
9,192,1197
9,198,196
10,11,280
10,15,737
10,17,630
10,18,906
10,21,709
10,22,534
10,24,429
10,28,536
10,30,406
10,32,1267
10,33,953
10,34,315
10,35,208
10,36,656
10,42,423
10,43,595
10,44,466
10,48,440
10,50,1044
10,55,534
10,57,367
10,60,401
10,62,1250
10,63,567
10,70,434
10,77,516
10,80,915
10,84,195
10,85,946
10,89,597
10,90,967
10,91,802
10,92,758
10,93,567
10,94,114
10,95,481
10,96,318
10,98,1188
10,102,652
10,105,565
10,109,464
10,112,450
10,117,735
10,120,595
10,121,944
10,123,360
10,124,811
10,126,415
10,127,520
10,135,302
10,136,373
10,142,321
10,143,251
10,144,170
10,146,769
10,148,744
10,150,385
10,153,666
10,155,749
10,156,952
10,160,511
10,165,515
10,168,700
10,171,225
10,173,400
10,176,795
10,177,1144
10,178,285
10,180,959
10,182,818
10,183,229
10,184,920
10,185,192
10,186,221
10,188,327
10,192,910
10,193,716
10,199,382
11,12,456
11,15,1131
11,16,67
11,17,1016
11,19,714
11,20,311
11,23,343
11,24,393
11,25,504
11,27,358
11,30,517
11,33,613
11,34,333
11,35,178
11,36,548
11,42,460
11,46,358
11,50,649
11,55,580
11,58,533
11,63,572
11,67,495
11,70,224
11,76,704
11,78,531
11,83,464
11,84,230
11,85,693
11,86,619
11,89,581
11,90,628
11,92,779
11,95,519
11,97,277
11,98,967
11,102,500
11,108,288
11,109,438
11,112,500
11,116,345
11,118,323
11,120,484
11,121,507
11,125,794
11,129,200
11,131,828
11,135,136
11,137,512
11,138,310
11,140,665
11,141,740
11,142,209
11,146,418
11,151,549
11,157,309
11,159,413
11,163,454
11,166,986
11,169,1181
11,170,478
11,171,256
11,172,388
11,175,476
11,177,701
11,178,758
11,181,265
11,182,373
11,184,1034
11,185,474
11,188,261
11,189,478
11,190,378
11,191,396
11,195,185
11,198,409
12,14,563
12,17,1342
12,21,745
12,24,739
12,25,363
12,26,1365
12,28,152
12,30,719
12,34,258
12,36,940
12,39,470
12,40,185
12,43,907
12,50,769
12,51,683
12,53,398
12,55,440
12,56,893
12,57,429
12,58,530
12,60,1135
12,63,171
12,64,949
12,67,149
12,73,790
12,80,908
12,82,221
12,83,839
12,88,768
12,91,447
12,92,360
12,94,519
12,99,1283
12,100,640
12,102,925
12,105,1004
12,107,234
12,112,991
12,115,307
12,117,1392
12,121,768
12,124,300
12,125,701
12,127,578
12,129,702
12,135,720
12,141,1133
12,145,380
12,146,107
12,151,818
12,153,491
12,160,1391
12,162,314
12,165,123
12,167,488
12,176,623
12,179,600
12,180,940
12,182,63
12,183,1045
12,187,651
12,188,538
12,189,1193
12,191,847
12,192,817
12,193,782
12,194,721
12,195,560
12,196,324
12,199,598
13,14,903
13,15,494
13,17,376
13,18,532
13,20,668
13,21,269
13,22,923
13,27,227
13,28,1019
13,32,353
13,35,550
13,36,881
13,38,589
13,39,379
13,43,482
13,44,724
13,48,599
13,49,879
13,51,504
13,54,595
13,55,74
13,56,546
13,58,1568
13,61,691
13,62,551
13,67,539
13,71,776
13,72,660
13,73,280
13,80,490
13,81,559
13,86,1076
13,90,176
13,91,418
13,96,570
13,98,581
13,101,764
13,102,114
13,103,672
13,105,157
13,106,1046
13,110,447
13,111,757
13,112,878
13,118,334
13,120,338
13,121,221
13,122,637
13,123,863
13,127,207
13,129,631
13,131,1195
13,133,26
13,134,169
13,137,419
13,138,443
13,143,862
13,150,634
13,152,307
13,153,243
13,154,783
13,157,829
13,160,1374
13,167,343
13,170,1528
13,172,710
13,178,918
13,180,741
13,183,979
13,184,515
13,185,775
13,186,375
13,189,868
13,192,429
13,196,268
13,197,323
14,16,669
14,23,514
14,24,1485
14,26,708
14,32,167
14,33,565
14,35,849
14,38,649
14,39,537
14,41,875
14,42,488
14,43,1003
14,44,1691
14,46,667
14,52,116
14,53,235
14,57,640
14,58,1529
14,59,916
14,60,1226
14,61,1193
14,62,143
14,64,866
14,65,650
14,68,338
14,69,540
14,71,1198
14,72,925
14,74,1013
14,78,929
14,80,899
14,82,468
14,84,778
14,87,719
14,88,1213
14,94,864
14,96,779
14,97,783
14,98,913
14,99,996
14,102,713
14,104,816
14,107,523
14,108,376
14,110,719
14,111,835
14,112,1219
14,113,1508
14,115,611
14,117,1045
14,118,381
14,120,379
14,122,936
14,124,524
14,128,491
14,129,814
14,131,1333
14,132,431
14,134,608
14,141,1451
14,143,654
14,147,260
14,152,741
14,154,997
14,157,784
14,160,1174
14,163,327
14,166,780
14,167,846
14,168,974
14,171,958
14,172,999
14,173,562
14,175,478
14,179,808
14,180,992
14,181,594
14,184,294
14,186,589
14,188,889
14,189,1304
14,190,1044
14,191,956
14,194,1137
14,197,405
14,198,1274
15,18,180
15,20,796
15,23,963
15,25,2008
15,26,146
15,28,1246
15,30,767
15,31,455
15,32,659
15,33,289
15,36,1075
15,37,468
15,38,1098
15,40,700
15,42,481
15,44,1042
15,47,364
15,51,499
15,53,658
15,55,405
15,57,963
15,60,528
15,64,78
15,74,597
15,79,279
15,82,614
15,85,801
15,86,934
15,89,952
15,92,1461
15,95,511
15,96,967
15,99,614
15,100,820
15,102,411
15,103,1567
15,104,1171
15,105,342
15,106,961
15,107,864
15,108,949
15,109,291
15,110,626
15,112,701
15,115,689
15,120,745
15,121,234
15,123,823
15,134,542
15,136,1021
15,137,256
15,139,1194
15,140,127
15,143,751
15,145,811
15,149,848
15,150,662
15,151,451
15,153,650
15,157,1303
15,158,443
15,162,1215
15,166,192
15,170,1582
15,171,962
15,172,638
15,173,540
15,176,1069
15,179,971
15,181,1287
15,182,851
15,194,845
15,198,1032
15,199,554
16,19,481
16,21,898
16,23,307
16,24,515
16,27,179
16,28,561
16,29,730
16,31,154
16,33,439
16,35,125
16,37,397
16,38,305
16,39,299
16,41,510
16,48,531
16,49,610
16,50,452
16,51,324
16,52,813
16,54,934
16,56,489
16,57,657
16,59,999
16,60,264
16,61,286
16,62,635
16,63,432
16,68,558
16,69,288
16,70,371
16,73,602
16,75,580
16,80,672
16,81,703
16,86,493
16,90,716
16,105,407
16,106,238
16,107,476
16,114,379
16,115,201
16,117,613
16,118,290
16,119,793
16,124,545
16,125,702
16,127,540
16,128,308
16,129,475
16,130,752
16,133,604
16,134,345
16,135,91
16,137,406
16,138,349
16,142,243
16,147,593
16,149,91
16,150,425
16,152,225
16,155,700
16,158,420
16,161,358
16,162,136
16,165,468
16,166,452
16,167,223
16,168,582
16,174,629
16,175,477
16,181,369
16,182,417
16,183,537
16,187,322
16,189,409
16,190,478
16,194,63
16,195,162
17,21,404
17,23,884
17,24,591
17,26,85
17,28,820
17,30,846
17,31,578
17,32,536
17,33,170
17,36,1222
17,39,373
17,42,650
17,46,418
17,47,300
17,49,1326
17,52,623
17,53,690
17,54,985
17,55,273
17,57,1497
17,58,1338
17,59,1259
17,64,278
17,69,365
17,70,719
17,74,747
17,76,1222
17,77,993
17,79,206
17,80,240
17,83,486
17,84,909
17,86,826
17,90,375
17,92,1188
17,96,820
17,97,782
17,98,390
17,99,573
17,100,528
17,106,904
17,109,168
17,111,599
17,113,348
17,114,840
17,115,510
17,121,130
17,123,916
17,128,381
17,132,1019
17,135,454
17,136,796
17,138,771
17,139,1099
17,140,360
17,141,943
17,142,786
17,148,501
17,150,1062
17,151,484
17,155,149
17,161,224
17,162,824
17,163,680
17,164,173
17,166,118
17,170,953
17,171,708
17,172,618
17,173,460
17,177,193
17,178,1258
17,180,239
17,181,1353
17,183,605
17,186,484
17,189,907
17,190,871
17,191,856
17,194,433
17,195,356
17,196,640
17,199,315
18,19,790
18,21,582
18,27,969
18,28,1097
18,30,636
18,33,375
18,36,1432
18,37,587
18,38,1028
18,41,279
18,43,455
18,44,842
18,46,907
18,49,1733
18,51,1157
18,54,923
18,55,574
18,57,1368
18,59,1387
18,63,894
18,64,198
18,65,858
18,66,601
18,67,1264
18,68,588
18,71,1158
18,72,893
18,75,269
18,77,1115
18,78,490
18,83,647
18,87,2250
18,88,1377
18,91,774
18,94,981
18,95,530
18,96,1283
18,97,1127
18,98,77
18,99,771
18,100,639
18,104,1240
18,105,346
18,118,921
18,120,867
18,121,433
18,122,69
18,123,1302
18,124,1124
18,129,1799
18,131,2128
18,133,459
18,134,432
18,136,1456
18,138,902
18,139,1587
18,144,819
18,146,1009
18,151,867
18,152,535
18,153,975
18,155,300
18,156,561
18,157,1597
18,160,1197
18,164,569
18,168,690
18,169,192
18,170,1239
18,174,182
18,175,671
18,177,130
18,178,1178
18,179,1117
18,180,98
18,181,1395
18,183,843
18,184,970
18,185,874
18,188,617
18,189,1035
18,192,228
18,193,575
18,194,716
18,196,1053
18,199,688
19,21,1198
19,22,1603
19,23,833
19,25,1258
19,27,566
19,32,1730
19,36,699
19,39,1052
19,46,519
19,50,437
19,53,1248
19,57,769
19,58,1263
19,62,1541
19,63,1165
19,65,845
19,67,1100
19,69,737
19,71,376
19,74,212
19,77,1603
19,83,312
19,87,881
19,91,1726
19,94,525
19,99,134
19,100,273
19,102,1485
19,113,268
19,116,376
19,118,736
19,120,712
19,121,1147
19,125,621
19,126,793
19,127,706
19,128,674
19,130,425
19,134,600
19,135,352
19,137,529
19,138,1294
19,140,630
19,143,598
19,144,808
19,150,38
19,154,305
19,155,867
19,162,611
19,163,942
19,167,647
19,168,208
19,170,896
19,176,1017
19,178,674
19,181,756
19,184,1829
19,193,299
19,195,546
19,196,1106
20,21,1317
20,22,655
20,25,1043
20,27,468
20,30,342
20,34,556
20,35,228
20,37,611
20,40,982
20,41,1008
20,44,306
20,45,882
20,47,869
20,48,592
20,49,514
20,50,583
20,53,1372
20,54,824
20,55,778
20,57,507
20,58,568
20,61,242
20,65,520
20,67,786
20,68,935
20,75,996
20,77,755
20,79,798
20,83,504
20,84,420
20,86,700
20,89,770
20,91,1016
20,92,623
20,95,568
20,98,895
20,100,294
20,101,214
20,104,706
20,106,212
20,109,522
20,111,173
20,113,467
20,115,540
20,116,71
20,117,902
20,118,823
20,120,669
20,122,917
20,126,507
20,129,278
20,131,517
20,132,937
20,134,617
20,140,767
20,141,397
20,142,592
20,143,396
20,144,300
20,146,811
20,147,887
20,151,830
20,152,427
20,154,132
20,155,692
20,159,268
20,166,633
20,167,606
20,168,354
20,173,456
20,174,764
20,177,1029
20,179,518
20,183,115
20,184,1583
20,187,155
20,190,449
20,191,315
20,193,418
20,196,511
21,22,673
21,23,496
21,25,1448
21,26,499
21,27,380
21,29,204
21,30,720
21,35,727
21,40,488
21,41,1031
21,42,415
21,43,1120
21,48,899
21,51,732
21,52,247
21,56,1268
21,58,1864
21,59,1470
21,60,1060
21,64,591
21,65,579
21,66,687
21,67,499
21,69,437
21,71,1416
21,72,785
21,73,292
21,74,679
21,75,317
21,76,1389
21,77,832
21,78,420
21,79,213
21,80,1149
21,81,875
21,82,368
21,85,1294
21,92,935
21,96,632
21,97,1115
21,106,742
21,108,393
21,116,806
21,117,324
21,119,1300
21,123,957
21,124,658
21,127,769
21,132,586
21,135,584
21,136,588
21,138,444
21,140,1085
21,141,826
21,144,547
21,146,512
21,149,507
21,151,87
21,156,109
21,158,353
21,162,576
21,163,406
21,165,1027
21,170,904
21,171,683
21,172,1373
21,177,1018
21,180,860
21,190,853
21,191,902
21,193,687
21,194,623
21,195,437
21,196,472
21,197,166
21,198,1417
22,23,365
22,24,827
22,27,644
22,31,574
22,33,798
22,34,211
22,36,484
22,38,246
22,42,520
22,44,1618
22,46,993
22,47,824
22,49,394
22,50,1073
22,51,778
22,54,691
22,58,403
22,59,382
22,60,743
22,63,398
22,65,637
22,72,804
22,73,881
22,75,999
22,79,887
22,80,1080
22,86,128
22,88,745
22,91,641
22,97,439
22,99,1361
22,100,750
22,103,104
22,104,265
22,105,875
22,106,804
22,107,391
22,108,293
22,112,1069
22,114,644
22,117,928
22,118,447
22,121,819
22,126,452
22,128,600
22,130,1577
22,132,123
22,137,1231
22,138,247
22,139,385
22,140,1290
22,146,300
22,150,1002
22,156,708
22,158,920
22,160,872
22,169,1248
22,170,307
22,172,812
22,177,1616
22,178,880
22,181,198
22,182,462
22,183,755
22,184,382
22,185,683
22,186,424
22,188,681
22,191,504
22,193,843
22,197,778
22,198,207
22,199,1178
23,26,920
23,27,312
23,29,206
23,30,1053
23,34,420
23,36,609
23,37,187
23,38,311
23,41,635
23,50,1027
23,51,956
23,53,220
23,56,814
23,60,498
23,61,503
23,62,453
23,70,235
23,72,544
23,73,675
23,75,652
23,77,377
23,82,70
23,85,897
23,88,608
23,89,320
23,92,518
23,93,638
23,96,385
23,99,629
23,102,357
23,103,329
23,104,629
23,105,444
23,110,196
23,111,469
23,114,586
23,117,530
23,119,1127
23,120,23
23,121,615
23,122,797
23,123,902
23,124,355
23,128,388
23,129,620
23,130,783
23,131,771
23,132,459
23,133,380
23,139,874
23,140,904
23,142,228
23,145,207
23,148,199
23,151,374
23,154,885
23,159,449
23,160,713
23,161,449
23,165,327
23,167,198
23,170,511
23,172,642
23,174,1222
23,176,352
23,177,933
23,178,604
23,180,1350
23,181,450
23,182,221
23,183,1074
23,184,280
23,186,222
23,187,632
23,189,987
23,191,585
23,192,629
23,193,725
23,195,209
23,197,181
23,198,481
24,25,814
24,34,626
24,36,759
24,37,639
24,41,519
24,42,365
24,48,1055
24,49,1134
24,51,90
24,57,685
24,58,864
24,59,1166
24,62,855
24,64,389
24,65,446
24,66,100
24,68,648
24,69,382
24,71,494
24,72,356
24,74,142
24,76,821
24,77,752
24,78,590
24,82,776
24,85,475
24,86,762
24,90,608
24,93,517
24,95,309
24,98,510
24,99,203
24,101,377
24,103,794
24,106,511
24,112,447
24,114,561
24,116,301
24,120,506
24,122,550
24,124,803
24,125,254
24,133,459
24,137,178
24,138,638
24,141,208
24,142,518
24,144,312
24,145,450
24,146,1203
24,150,396
24,153,783
24,157,1059
24,161,392
24,162,730
24,164,274
24,165,1053
24,171,543
24,175,578
24,178,694
24,181,602
24,183,283
24,188,165
24,190,642
24,192,456
24,193,51
24,194,320
24,197,738
24,199,95
25,27,1239
25,30,1234
25,39,909
25,40,546
25,42,945
25,49,302
25,58,340
25,60,779
25,62,648
25,68,1246
25,71,880
25,77,220
25,78,999
25,79,1084
25,82,511
25,85,1038
25,87,53
25,88,896
25,91,1011
25,92,35
25,93,1080
25,94,478
25,96,303
25,101,1160
25,102,1333
25,103,355
25,108,452
25,109,913
25,113,1061
25,115,466
25,117,1019
25,121,961
25,122,1803
25,124,218
25,126,511
25,127,797
25,128,968
25,129,387
25,130,1668
25,134,976
25,136,421
25,137,1318
25,144,595
25,146,471
25,147,827
25,151,865
25,153,685
25,156,893
25,164,923
25,165,443
25,172,877
25,174,1105
25,176,1203
25,177,2235
25,180,1187
25,181,271
25,183,691
25,192,1686
25,193,911
25,194,686
25,195,969
25,197,1341
26,27,385
26,29,580
26,33,164
26,34,1113
26,40,974
26,44,879
26,47,291
26,49,1850
26,56,590
26,57,1486
26,58,1332
26,60,407
26,62,773
26,63,771
26,66,439
26,67,764
26,75,121
26,79,189
26,81,769
26,82,909
26,83,364
26,86,829
26,88,640
26,91,735
26,93,169
26,95,257
26,98,420
26,99,673
26,101,796
26,103,1038
26,106,895
26,107,833
26,110,690
26,113,401
26,114,786
26,117,213
26,119,600
26,120,519
26,124,931
26,127,258
26,128,320
26,129,896
26,131,1832
26,134,334
26,135,525
26,140,400
26,144,638
26,149,570
26,150,1173
26,152,580
26,158,347
26,159,873
26,160,779
26,161,362
26,162,725
26,164,210
26,165,1018
26,167,597
26,168,486
26,169,187
26,170,1158
26,173,422
26,174,153
26,178,1665
26,179,995
26,183,665
26,186,539
26,188,397
26,190,909
26,192,136
26,193,787
26,194,496
26,197,439
26,198,917
27,28,546
27,34,337
27,35,289
27,45,279
27,48,429
27,50,465
27,51,433
27,52,583
27,54,493
27,61,452
27,64,647
27,66,375
27,67,456
27,71,567
27,72,423
27,75,505
27,77,738
27,78,219
27,80,562
27,82,199
27,84,664
27,85,1366
27,86,505
27,87,615
27,90,345
27,91,603
27,95,182
27,96,531
27,98,577
27,103,619
27,106,629
27,109,298
27,110,166
27,116,425
27,117,417
27,120,266
27,124,900
27,125,460
27,129,448
27,130,423
27,132,667
27,135,328
27,137,502
27,138,454
27,141,625
27,142,228
27,149,302
27,151,443
27,155,383
27,156,464
27,157,463
27,158,103
27,160,633
27,162,249
27,165,774
27,166,395
27,176,900
27,177,524
27,179,529
27,180,602
27,181,620
27,184,647
27,187,409
27,188,195
27,192,453
27,193,660
27,197,273
28,29,621
28,30,829
28,35,569
28,40,377
28,43,1677
28,45,773
28,46,636
28,47,883
28,48,71
28,49,421
28,50,1661
28,51,747
28,55,601
28,59,779
28,61,538
28,62,427
28,63,257
28,67,184
28,72,888
28,76,821
28,77,26
28,79,822
28,80,1063
28,81,927
28,82,681
28,85,1120
28,88,1065
28,89,231
28,91,598
28,94,523
28,95,615
28,97,279
28,99,860
28,100,828
28,101,1521
28,106,439
28,107,316
28,108,259
28,118,610
28,119,975
28,122,1033
28,124,21
28,126,593
28,127,830
28,128,546
28,129,510
28,134,896
28,136,133
28,142,297
28,145,458
28,151,697
28,153,918
28,154,1071
28,155,1027
28,161,607
28,162,383
28,163,319
28,164,888
28,166,1455
28,169,1127
28,170,200
28,174,1258
28,175,1121
28,177,1049
28,184,346
28,185,674
28,193,811
28,194,545
28,195,682
28,196,443
29,30,1031
29,31,458
29,32,77
29,34,717
29,36,804
29,37,206
29,38,532
29,40,143
29,43,743
29,45,160
29,48,440
29,50,832
29,56,790
29,58,880
29,59,857
29,61,687
29,63,306
29,64,645
29,65,262
29,68,150
29,69,344
29,70,419
29,77,827
29,80,809
29,85,1015
29,86,665
29,88,1452
29,89,308
29,90,254
29,93,408
29,95,423
29,96,499
29,97,604
29,98,861
29,99,763
29,105,806
29,106,646
29,108,256
29,112,1023
29,115,441
29,122,709
29,123,1419
29,124,491
29,125,580
29,129,1085
29,130,958
29,133,403
29,135,657
29,137,678
29,146,550
29,150,824
29,160,1356
29,161,582
29,165,424
29,169,658
29,171,551
29,172,1533
29,174,1082
29,175,133
29,180,792
29,183,1025
29,187,849
29,189,949
29,191,1320
29,194,827
29,198,606
30,34,625
30,37,563
30,39,632
30,41,622
30,46,346
30,49,748
30,55,543
30,56,168
30,61,546
30,63,735
30,71,370
30,74,102
30,82,604
30,84,555
30,87,1447
30,91,1138
30,95,613
30,101,401
30,104,1387
30,105,435
30,106,449
30,107,1369
30,108,697
30,109,368
30,111,287
30,114,336
30,116,247
30,117,1032
30,120,708
30,121,712
30,123,435
30,124,927
30,126,822
30,128,571
30,129,843
30,131,756
30,136,1062
30,137,319
30,138,1287
30,140,463
30,141,156
30,143,811
30,144,321
30,147,932
30,148,464
30,150,180
30,152,253
30,154,217
30,158,376
30,160,299
30,165,894
30,167,403
30,168,53
30,172,157
30,173,494
30,175,659
30,181,789
30,182,1370
30,184,965
30,189,360
30,191,817
30,196,422
31,33,404
31,35,243
31,42,191
31,43,516
31,45,558
31,46,87
31,50,492
31,53,691
31,54,518
31,61,456
31,63,354
31,65,245
31,69,136
31,73,670
31,77,780
31,78,291
31,83,466
31,87,663
31,92,1123
31,96,491
31,99,372
31,101,614
31,104,593
31,107,449
31,109,298
31,114,428
31,116,377
31,118,325
31,122,725
31,126,244
31,127,182
31,133,269
31,134,245
31,135,205
31,138,370
31,142,308
31,144,150
31,147,533
31,150,474
31,151,423
31,153,293
31,158,78
31,161,137
31,167,130
31,171,414
31,174,485
31,177,498
31,178,1117
31,179,886
31,183,598
31,185,440
31,192,557
31,193,508
31,194,156
32,34,457
32,35,1072
32,36,922
32,37,263
32,38,532
32,40,159
32,43,987
32,45,324
32,47,416
32,51,729
32,52,149
32,55,289
32,56,1652
32,60,978
32,61,726
32,63,260
32,64,876
32,67,557
32,71,931
32,72,1096
32,73,737
32,76,930
32,77,789
32,80,746
32,88,829
32,89,476
32,91,115
32,94,719
32,96,704
32,97,843
32,98,1022
32,99,890
32,100,705
32,101,1212
32,102,270
32,106,913
32,108,512
32,111,696
32,114,815
32,128,305
32,129,670
32,130,1071
32,138,582
32,139,1001
32,140,814
32,141,968
32,142,624
32,149,569
32,151,260
32,156,218
32,158,393
32,159,685
32,161,698
32,162,491
32,163,255
32,164,591
32,168,779
32,170,1154
32,171,605
32,175,223
32,178,821
32,180,676
32,181,568
32,182,279
32,186,747
32,187,967
32,188,751
32,190,1418
32,193,1150
32,196,425
32,199,873
33,34,771
33,40,566
33,41,321
33,42,456
33,43,885
33,45,378
33,50,548
33,51,502
33,56,545
33,61,1314
33,62,625
33,64,287
33,67,630
33,68,256
33,72,662
33,73,118
33,75,128
33,78,101
33,79,99
33,87,898
33,89,916
33,94,753
33,96,638
33,97,782
33,98,360
33,99,654
33,104,849
33,106,712
33,108,641
33,110,577
33,113,743
33,120,477
33,124,777
33,125,219
33,130,336
33,133,104
33,134,199
33,135,513
33,137,319
33,139,987
33,142,504
33,144,475
33,146,802
33,148,254
33,149,809
33,151,211
33,153,285
33,155,243
33,158,303
33,159,594
33,160,765
33,161,242
33,163,758
33,165,1367
33,166,259
33,173,547
33,174,329
33,176,607
33,177,294
33,179,906
33,180,416
33,190,921
33,191,841
33,194,430
33,196,318
33,197,292
34,43,751
34,44,674
34,48,122
34,49,526
34,54,612
34,55,727
34,56,793
34,58,420
34,62,456
34,71,1093
34,73,1149
34,74,558
34,76,556
34,77,196
34,80,982
34,81,1227
34,82,220
34,86,323
34,88,563
34,90,603
34,91,701
34,93,597
34,94,364
34,96,93
34,97,186
34,98,930
34,99,591
34,101,680
34,103,322
34,104,273
34,105,846
34,107,265
34,108,337
34,110,198
34,113,546
34,114,487
34,115,213
34,118,238
34,121,764
34,123,996
34,124,257
34,127,602
34,128,454
34,130,729
34,131,326
34,135,555
34,136,94
34,137,676
34,139,288
34,140,851
34,143,158
34,146,218
34,150,665
34,152,637
34,156,731
34,157,220
34,158,417
34,160,616
34,164,692
34,165,208
34,166,683
34,167,340
34,168,676
34,170,295
34,171,145
34,172,1046
34,173,334
34,174,1238
34,177,1410
34,178,381
34,180,911
34,183,538
34,185,493
34,188,484
34,191,470
34,194,339
34,197,510
34,198,335
35,37,485
35,44,585
35,45,610
35,46,509
35,48,645
35,52,802
35,56,486
35,62,770
35,65,515
35,70,374
35,73,635
35,81,358
35,87,564
35,89,897
35,91,724
35,104,665
35,105,664
35,108,590
35,109,372
35,113,225
35,114,208
35,119,384
35,123,306
35,124,1145
35,128,674
35,130,608
35,132,1055
35,136,605
35,142,499
35,145,327
35,146,605
35,148,549
35,151,640
35,155,509
35,157,805
35,161,378
35,162,252
35,166,531
35,170,1093
35,173,281
35,175,607
35,176,770
35,177,971
35,178,446
35,181,409
35,182,624
35,183,310
35,188,267
35,189,411
35,192,604
35,193,277
35,198,767
35,199,269
36,38,313
36,45,1501
36,46,1405
36,48,493
36,49,69
36,50,919
36,52,1000
36,53,732
36,55,1509
36,57,345
36,58,177
36,60,1193
36,61,311
36,66,825
36,70,408
36,75,1033
36,78,872
36,81,1219
36,88,1103
36,90,986
36,91,1255
36,96,375
36,100,699
36,103,484
36,104,167
36,110,801
36,111,498
36,113,1117
36,114,541
36,115,520
36,119,792
36,120,614
36,125,905
36,128,1064
36,129,430
36,132,1045
36,134,1077
36,135,507
36,137,871
36,138,545
36,139,188
36,143,401
36,146,736
36,151,1700
36,153,749
36,155,1076
36,156,999
36,158,699
36,162,444
36,163,658
36,164,1618
36,165,539
36,167,1019
36,170,307
36,171,271
36,173,627
36,175,1116
36,177,1167
36,179,159
36,185,482
36,189,740
36,193,873
36,196,601
36,197,954
37,39,168
37,46,283
37,47,312
37,50,454
37,55,77
37,58,1067
37,61,838
37,62,477
37,63,268
37,65,139
37,66,490
37,72,590
37,80,548
37,81,1034
37,84,536
37,88,583
37,89,428
37,91,302
37,93,311
37,97,549
37,98,1042
37,100,460
37,102,311
37,103,718
37,105,270
37,106,570
37,107,339
37,109,361
37,110,315
37,111,508
37,112,986
37,113,784
37,114,637
37,116,673
37,117,344
37,119,676
37,121,272
37,125,373
37,134,214
37,138,390
37,141,667
37,146,475
37,147,258
37,153,97
37,154,621
37,162,298
37,165,782
37,168,693
37,173,170
37,175,202
37,176,351
37,177,765
37,178,706
37,181,456
37,183,1050
37,184,715
37,188,532
37,198,955
37,199,441
38,43,1052
38,45,605
38,46,699
38,49,461
38,53,545
38,57,99
38,60,554
38,61,252
38,62,532
38,67,326
38,69,898
38,73,814
38,74,871
38,76,509
38,77,265
38,81,1208
38,82,323
38,85,828
38,87,356
38,89,596
38,95,963
38,106,232
38,107,512
38,108,265
38,111,348
38,120,399
38,125,1214
38,129,323
38,138,305
38,139,226
38,144,576
38,147,579
38,148,477
38,151,662
38,153,479
38,154,645
38,156,567
38,159,464
38,160,619
38,163,366
38,167,387
38,169,1450
38,172,595
38,175,566
38,178,300
38,179,220
38,180,995
38,185,517
38,187,765
38,188,542
38,190,406
38,191,310
38,193,951
38,194,356
38,195,365
38,199,557
39,43,906
39,46,208
39,50,436
39,53,375
39,54,605
39,55,239
39,56,714
39,57,535
39,59,1255
39,62,863
39,63,430
39,66,408
39,68,353
39,69,218
39,74,468
39,75,707
39,76,644
39,79,719
39,80,759
39,85,690
39,88,438
39,90,677
39,96,332
39,97,441
39,100,333
39,104,532
39,108,355
39,109,286
39,111,574
39,114,498
39,115,144
39,119,562
39,120,172
39,125,572
39,126,123
39,128,226
39,130,451
39,133,331
39,134,447
39,140,606
39,142,241
39,147,653
39,150,504
39,151,684
39,154,479
39,155,662
39,158,159
39,159,372
39,163,386
39,164,310
39,166,395
39,168,471
39,172,802
39,173,43
39,175,544
39,177,645
39,182,622
39,184,490
39,186,125
39,187,398
39,188,205
39,190,496
39,191,881
39,195,19
39,196,28
40,45,273
40,50,1262
40,54,129
40,59,709
40,60,976
40,61,646
40,62,227
40,63,104
40,66,750
40,71,1194
40,72,800
40,73,831
40,74,963
40,75,587
40,77,372
40,79,482
40,84,702
40,86,273
40,95,380
40,99,731
40,100,842
40,102,652
40,103,347
40,104,550
40,106,904
40,107,33
40,113,597
40,116,899
40,118,127
40,120,128
40,121,488
40,128,296
40,129,973
40,134,452
40,135,706
40,136,407
40,137,664
40,139,665
40,147,293
40,149,341
40,151,413
40,152,490
40,153,318
40,154,779
40,155,680
40,157,533
40,158,394
40,159,688
40,162,339
40,165,312
40,169,1142
40,170,535
40,179,614
40,181,372
40,184,255
40,186,401
40,187,687
40,190,983
40,191,682
40,193,1109
40,199,552
41,42,475
41,45,744
41,47,651
41,50,62
41,51,633
41,56,335
41,57,900
41,58,1091
41,59,1412
41,60,389
41,62,1166
41,64,180
41,70,1377
41,72,712
41,73,569
41,74,512
41,76,780
41,77,998
41,79,388
41,80,245
41,82,845
41,84,1139
41,86,950
41,88,636
41,89,887
41,91,707
41,92,2014
41,93,465
41,96,771
41,98,237
41,106,735
41,107,729
41,108,1301
41,110,607
41,111,1077
41,112,530
41,114,1038
41,118,637
41,123,1116
41,126,857
41,130,63
41,132,941
41,133,433
41,135,464
41,137,148
41,138,1272
41,139,1340
41,144,509
41,145,606
41,147,954
41,151,527
41,152,282
41,154,614
41,155,93
41,157,987
41,159,467
41,162,631
41,163,818
41,164,191
41,165,1167
41,166,104
41,168,548
41,171,777
41,172,576
41,173,823
41,176,940
41,177,305
41,178,1179
41,181,804
41,184,888
41,185,702
41,186,817
41,189,951
41,192,189
41,194,456
41,196,505
41,198,947
42,44,715
42,50,707
42,51,399
42,52,528
42,55,139
42,56,858
42,58,742
42,63,260
42,64,760
42,66,371
42,69,167
42,72,583
42,73,739
42,75,407
42,76,614
42,79,567
42,84,443
42,86,761
42,89,430
42,92,718
42,94,462
42,97,602
42,98,804
42,99,540
42,103,491
42,105,282
42,110,182
42,113,347
42,114,517
42,115,211
42,116,594
42,121,518
42,123,910
42,124,526
42,125,360
42,126,150
42,129,675
42,134,266
42,135,285
42,137,437
42,138,312
42,139,665
42,145,178
42,146,438
42,149,201
42,150,562
42,151,308
42,152,400
42,157,613
42,158,102
42,159,319
42,161,225
42,165,454
42,167,59
42,172,800
42,174,710
42,176,435
42,178,638
42,179,598
42,182,442
42,183,611
42,187,881
42,189,907
42,192,540
42,193,436
42,194,226
42,195,75
42,197,260
43,50,156
43,52,912
43,53,752
43,56,103
43,61,1024
43,62,1118
43,63,759
43,66,228
43,71,653
43,72,530
43,74,311
43,75,464
43,76,664
43,78,747
43,79,527
43,81,200
43,82,614
43,84,733
43,85,441
43,86,1054
43,87,1200
43,88,493
43,89,926
43,92,1208
43,93,373
43,95,559
43,96,783
43,97,1272
43,99,357
43,103,1012
43,107,1049
43,109,231
43,110,562
43,115,566
43,117,941
43,118,774
43,119,350
43,121,491
43,123,650
43,124,1141
43,126,667
43,129,745
43,132,1522
43,136,847
43,138,767
43,140,449
43,144,769
43,153,691
43,154,417
43,155,250
43,159,543
43,160,579
43,161,428
43,166,238
43,169,461
43,170,1263
43,172,332
43,177,374
43,178,874
43,179,1534
43,181,1322
43,186,587
43,187,379
43,188,307
43,189,1034
43,193,207
43,194,539
43,195,474
43,197,733
43,199,280
44,45,786
44,49,750
44,51,213
44,53,850
44,74,250
44,75,987
44,78,637
44,83,343
44,86,882
44,87,871
44,88,127
44,97,920
44,102,1139
44,103,1003
44,105,604
44,107,827
44,108,748
44,110,524
44,111,303
44,113,289
44,114,282
44,119,211
44,120,732
44,121,682
44,122,831
44,126,807
44,127,488
44,128,630
44,129,480
44,131,1010
44,135,338
44,136,745
44,143,957
44,145,627
44,146,926
44,147,1265
44,148,689
44,155,1006
44,156,1213
44,157,1131
44,159,292
44,169,659
44,176,1383
44,195,746
44,197,786
45,46,336
45,51,589
45,52,514
45,54,475
45,55,108
45,62,554
45,64,716
45,66,565
45,69,241
45,71,1219
45,76,836
45,77,763
45,78,295
45,84,665
45,92,955
45,93,322
45,95,228
45,101,1361
45,102,74
45,107,321
45,108,336
45,109,409
45,112,985
45,113,512
45,116,752
45,117,291
45,120,501
45,121,279
45,122,906
45,123,944
45,124,630
45,126,516
45,130,523
45,136,677
45,138,397
45,145,365
45,146,474
45,156,15
45,162,596
45,164,412
45,166,410
45,167,338
45,168,617
45,169,556
45,173,296
45,174,530
45,176,440
45,177,948
45,178,1333
45,179,1388
45,180,666
45,181,653
45,185,857
45,187,973
45,188,478
45,190,903
45,193,1093
45,194,475
45,197,115
45,198,977
46,49,880
46,50,344
46,53,405
46,54,530
46,55,178
46,58,812
46,60,431
46,65,200
46,69,71
46,70,436
46,74,336
46,77,650
46,79,298
46,81,542
46,92,742
46,96,588
46,97,955
46,98,821
46,99,419
46,103,617
46,104,1146
46,105,185
46,112,531
46,113,265
46,115,294
46,122,449
46,125,377
46,131,973
46,135,250
46,139,636
46,140,448
46,141,571
46,147,415
46,148,237
46,149,257
46,152,114
46,159,276
46,162,304
46,164,152
46,168,541
46,169,722
46,173,153
46,177,462
46,179,608
46,180,720
46,184,634
46,188,153
46,194,284
46,195,141
46,197,291
47,51,805
47,54,539
47,55,292
47,57,1124
47,64,746
47,67,839
47,68,362
47,69,302
47,71,1136
47,72,1122
47,74,738
47,76,993
47,78,264
47,79,129
47,80,475
47,83,880
47,87,978
47,89,640
47,91,385
47,95,345
47,96,854
47,99,863
47,100,634
47,101,966
47,109,481
47,110,739
47,112,926
47,117,143
47,118,808
47,120,514
47,125,377
47,130,592
47,131,1013
47,132,841
47,133,280
47,135,867
47,137,519
47,138,933
47,141,935
47,147,313
47,149,573
47,151,173
47,155,370
47,158,547
47,160,1114
47,162,993
47,163,948
47,167,400
47,170,1183
47,171,780
47,172,949
47,174,641
47,179,1809
47,182,745
47,184,635
47,185,799
47,186,579
47,189,964
47,190,1012
47,191,1137
47,192,417
47,193,769
47,194,571
47,199,491
48,49,801
48,51,728
48,53,352
48,57,191
48,58,586
48,61,414
48,64,910
48,67,218
48,69,527
48,70,126
48,73,939
48,74,683
48,75,853
48,77,69
48,79,878
48,80,1021
48,87,362
48,88,761
48,89,215
48,92,255
48,94,459
48,96,319
48,98,1201
48,102,606
48,104,473
48,106,764
48,107,286
48,109,679
48,117,1373
48,118,517
48,121,915
48,123,1029
48,124,89
48,125,1211
48,127,611
48,131,336
48,135,530
48,136,57
48,137,974
48,138,275
48,142,216
48,146,191
48,148,762
48,149,355
48,153,419
48,154,708
48,156,548
48,157,183
48,158,773
48,160,915
48,162,555
48,164,722
48,165,133
48,167,617
48,168,914
48,170,237
48,175,755
48,176,690
48,177,1050
48,179,333
48,183,780
48,187,667
48,189,696
48,193,770
48,197,655
48,199,1186
49,50,1189
49,59,128
49,60,743
49,61,292
49,62,832
49,63,999
49,66,966
49,73,1847
49,76,488
49,77,468
49,84,362
49,85,1137
49,86,705
49,87,280
49,89,626
49,90,1643
49,92,432
49,95,798
49,99,942
49,103,445
49,105,1144
49,106,380
49,107,849
49,111,565
49,118,1217
49,123,648
49,125,951
49,126,612
49,130,1323
49,133,1200
49,139,146
49,142,889
49,146,547
49,148,881
49,150,746
49,151,1006
49,153,1069
49,154,606
49,155,1873
49,167,685
49,171,294
49,174,1101
49,176,974
49,177,1696
49,181,440
49,191,345
49,193,1100
49,196,648
50,51,287
50,54,1388
50,55,420
50,59,1349
50,62,960
50,66,473
50,67,846
50,69,342
50,70,711
50,71,681
50,72,1007
50,74,678
50,75,443
50,76,747
50,81,351
50,82,683
50,85,560
50,93,254
50,97,791
50,99,425
50,103,1690
50,104,1061
50,105,313
50,106,1076
50,108,671
50,109,188
50,112,915
50,114,690
50,115,542
50,123,1125
50,128,577
50,130,16
50,136,985
50,140,294
50,141,384
50,143,816
50,144,870
50,147,1025
50,153,558
50,158,611
50,160,668
50,161,322
50,162,1049
50,163,827
50,166,118
50,167,660
50,168,478
50,170,1011
50,172,418
50,174,279
50,176,774
50,180,392
50,182,791
50,184,973
50,191,821
50,194,405
50,196,483
50,197,824
51,52,1233
51,55,481
51,59,1544
51,62,1404
51,65,490
51,67,946
51,68,644
51,69,408
51,71,318
51,73,581
51,76,438
51,77,740
51,82,497
51,83,281
51,86,1072
51,88,254
51,89,900
51,91,777
51,93,421
51,94,625
51,95,427
51,97,614
51,98,846
51,99,143
51,100,30
51,101,306
51,104,714
51,107,770
51,110,432
51,111,265
51,112,283
51,119,204
51,120,557
51,122,581
51,124,1470
51,125,504
51,128,449
51,129,712
51,130,289
51,131,814
51,133,499
51,134,678
51,138,612
51,139,1042
51,142,934
51,144,298
51,145,503
51,146,1151
51,151,720
51,153,709
51,154,212
51,159,106
51,160,413
51,162,526
51,163,1028
51,165,754
51,167,366
51,170,813
51,171,844
51,174,878
51,175,692
51,176,1009
51,178,716
51,180,1062
51,183,209
51,184,1025
51,185,353
51,189,400
51,192,539
51,194,440
51,199,223
52,62,273
52,67,419
52,68,267
52,71,1458
52,74,1266
52,79,468
52,80,1339
52,86,508
52,87,772
52,88,1067
52,90,281
52,91,98
52,92,809
52,95,726
52,96,851
52,98,900
52,99,1001
52,101,1125
52,104,1064
52,106,829
52,111,897
52,112,1072
52,114,1723
52,115,721
52,116,926
52,117,832
52,119,1079
52,120,427
52,121,641
52,124,649
52,125,724
52,127,619
52,131,897
52,133,446
52,135,803
52,140,842
52,142,565
52,145,998
52,146,572
52,150,1459
52,154,1375
52,158,559
52,162,1087
52,163,447
52,164,656
52,167,541
52,168,1264
52,169,893
52,170,1030
52,172,1002
52,174,820
52,180,770
52,182,410
52,186,589
52,188,713
52,189,1083
52,190,911
52,197,350
53,58,760
53,59,1130
53,62,256
53,63,171
53,67,259
53,69,590
53,70,503
53,71,1180
53,72,963
53,73,560
53,77,795
53,79,642
53,80,766
53,84,944
53,85,1813
53,91,215
53,93,443
53,94,735
53,100,1097
53,101,1118
53,107,193
53,108,217
53,109,544
53,110,331
53,111,603
53,113,848
53,114,993
53,115,388
53,116,1225
53,122,949
53,124,415
53,125,577
53,126,221
53,128,261
53,130,679
53,133,319
53,135,818
53,136,357
53,138,205
53,140,871
53,141,848
53,143,476
53,144,476
53,145,413
53,148,240
53,149,428
53,151,285
53,152,612
53,154,1163
53,157,479
53,160,1345
53,163,195
53,166,705
53,171,620
53,173,359
53,176,246
53,177,1023
53,183,836
53,189,1346
53,190,680
53,191,725
53,193,1056
53,195,314
53,197,125
53,198,528
53,199,763
54,55,472
54,58,1300
54,63,195
54,66,792
54,68,341
54,71,981
54,72,759
54,73,625
54,76,1175
54,77,385
54,81,1041
54,82,419
54,84,580
54,87,532
54,89,223
54,104,673
54,105,612
54,106,647
54,107,128
54,108,221
54,109,683
54,114,827
54,122,1499
54,128,476
54,132,280
54,134,562
54,137,859
54,139,618
54,141,1059
54,143,593
54,144,793
54,147,235
54,148,657
54,149,543
54,151,723
54,155,748
54,156,393
54,157,847
54,163,92
54,168,953
54,169,816
54,170,556
54,175,319
54,176,454
54,177,844
54,178,758
54,179,689
54,181,512
54,183,1217
54,186,467
54,190,1227
54,192,822
54,194,611
54,196,469
54,199,763
55,57,882
55,58,864
55,59,923
55,61,1105
55,63,505
55,68,165
55,69,143
55,70,463
55,72,600
55,74,558
55,75,271
55,79,259
55,80,496
55,81,593
55,86,913
55,87,742
55,89,610
55,94,1096
55,97,924
55,102,222
55,103,809
55,105,248
55,108,323
55,110,316
55,112,699
55,114,653
55,116,683
55,117,274
55,118,382
55,121,224
55,123,819
55,128,58
55,130,433
55,131,1490
55,134,295
55,136,568
55,140,498
55,141,628
55,144,361
55,145,343
55,146,514
55,151,178
55,152,286
55,153,222
55,158,147
55,162,434
55,165,542
55,170,754
55,173,300
55,175,254
55,176,359
55,177,451
55,181,754
55,183,751
55,184,501
55,186,578
55,192,471
55,194,395
55,197,154
56,57,849
56,59,1229
56,60,210
56,61,661
56,65,661
56,69,568
56,75,625
56,76,759
56,77,943
56,80,447
56,81,119
56,82,829
56,85,390
56,87,978
56,90,1027
56,92,1650
56,94,560
56,95,456
56,97,782
56,102,1050
56,107,881
56,108,1328
56,109,293
56,110,696
56,111,453
56,112,297
56,115,1077
56,116,508
56,117,808
56,120,826
56,121,776
56,122,944
56,125,319
56,126,722
56,127,376
56,130,223
56,132,1375
56,141,236
56,144,517
56,146,1114
56,147,899
56,148,1091
56,149,539
56,151,931
56,154,539
56,155,394
56,156,961
56,157,1530
56,159,292
56,160,429
56,162,654
56,163,1527
56,166,622
56,167,505
56,172,253
56,173,702
56,175,1386
56,177,606
56,178,905
56,185,404
56,186,646
56,190,808
56,192,539
56,194,413
56,195,726
56,196,588
56,197,729
56,198,944
57,58,293
57,60,657
57,62,539
57,64,1882
57,65,414
57,66,925
57,67,536
57,68,776
57,70,239
57,71,691
57,73,1368
57,79,862
57,81,1376
57,83,1137
57,86,280
57,87,114
57,96,136
57,97,149
57,98,1056
57,100,638
57,101,1304
57,102,842
57,103,194
57,104,251
57,106,383
57,107,405
57,109,710
57,113,1188
57,116,782
57,118,571
57,123,623
57,128,794
57,132,422
57,133,1257
57,135,543
57,140,1884
57,145,313
57,149,362
57,154,645
57,155,1157
57,160,1256
57,164,1143
57,173,480
57,183,611
57,187,809
57,188,629
57,189,595
57,190,392
57,191,350
57,192,1826
57,197,1020
57,199,735
58,59,69
58,60,846
58,61,437
58,67,590
58,68,964
58,72,905
58,75,2093
58,76,550
58,78,971
58,84,390
58,88,706
58,90,1044
58,92,236
58,93,1112
58,98,2022
58,99,761
58,100,910
58,102,1614
58,103,795
58,104,154
58,110,582
58,115,533
58,116,898
58,119,1088
58,120,659
58,127,1217
58,131,91
58,132,677
58,134,963
58,135,641
58,136,402
58,137,998
58,141,839
58,143,430
58,145,566
58,146,543
58,147,1183
58,148,767
58,151,1158
58,152,932
58,159,1194
58,164,1185
58,165,458
58,168,863
58,169,1975
58,171,402
58,172,1311
58,174,1177
58,176,1005
58,177,1376
58,180,1293
58,184,1267
58,186,1024
58,187,755
58,188,865
58,189,632
58,190,286
58,193,981
58,195,738
58,197,906
58,198,366
59,61,390
59,62,795
59,65,872
59,67,592
59,68,1044
59,70,549
59,75,1145
59,76,534
59,84,497
59,85,946
59,87,253
59,93,1129
59,94,524
59,95,916
59,96,392
59,97,318
59,105,1097
59,109,950
59,113,841
59,116,652
59,117,2109
59,118,688
59,119,1294
59,120,843
59,123,1113
59,124,411
59,130,2096
59,131,148
59,132,766
59,133,1785
59,134,1138
59,135,731
59,137,1139
59,140,2121
59,141,871
59,143,529
59,145,782
59,150,1019
59,152,1327
59,154,757
59,157,320
59,162,1084
59,171,376
59,174,1657
59,175,929
59,176,1596
59,178,497
59,185,1069
59,187,904
59,190,237
59,191,581
59,193,902
59,197,833
59,199,891
60,68,1062
60,70,816
60,74,191
60,76,498
60,77,726
60,78,577
60,82,451
60,85,590
60,86,1358
60,89,745
60,90,715
60,91,750
60,92,799
60,94,519
60,95,293
60,103,1402
60,106,425
60,108,606
60,109,290
60,111,399
60,112,582
60,113,12
60,114,598
60,121,418
60,122,999
60,129,472
60,131,1258
60,134,329
60,136,748
60,137,233
60,138,575
60,139,1121
60,140,407
60,142,439
60,152,248
60,156,589
60,161,436
60,163,1141
60,167,366
60,170,820
60,171,743
60,172,267
60,174,402
60,175,561
60,177,930
60,182,907
60,187,284
60,188,115
60,189,769
60,191,668
60,192,460
60,196,572
60,198,795
60,199,136
61,62,1299
61,63,764
61,64,1055
61,66,555
61,70,347
61,72,264
61,76,191
61,77,486
61,79,813
61,82,438
61,84,157
61,89,608
61,95,1007
61,97,191
61,100,443
61,102,1346
61,107,590
61,110,380
61,112,629
61,113,464
61,114,212
61,116,297
61,118,865
61,119,565
61,120,499
61,121,863
61,123,326
61,124,521
61,125,718
61,127,902
61,129,57
61,138,610
61,140,921
61,145,371
61,146,802
61,148,525
61,150,476
61,151,1529
61,155,921
61,156,1262
61,160,348
61,163,596
61,164,630
61,165,948
61,166,715
61,170,472
61,171,343
61,172,431
61,179,187
61,180,1247
61,181,346
61,185,515
61,187,478
61,192,844
61,193,579
61,199,510
62,65,511
62,66,852
62,67,218
62,71,1290
62,72,1611
62,74,847
62,80,1157
62,81,1419
62,88,940
62,89,253
62,91,298
62,92,647
62,93,891
62,98,993
62,100,987
62,101,1884
62,102,494
62,107,231
62,109,1136
62,114,904
62,116,1126
62,122,1001
62,126,475
62,127,1308
62,128,852
62,141,1460
62,148,474
62,149,627
62,150,1836
62,151,801
62,154,1832
62,158,641
62,161,1107
62,166,831
62,172,1281
62,173,573
62,175,379
62,178,826
62,181,552
62,185,1140
62,188,773
62,191,1057
62,192,987
62,194,745
62,196,533
62,198,575
62,199,901
63,65,310
63,69,366
63,72,566
63,73,597
63,74,629
63,75,602
63,79,523
63,80,1412
63,84,682
63,85,935
63,86,220
63,91,365
63,93,655
63,94,554
63,96,288
63,98,830
63,99,695
63,100,849
63,101,907
63,102,634
63,104,490
63,105,851
63,106,469
63,109,678
63,113,727
63,114,612
63,119,828
63,121,746
63,123,804
63,125,701
63,126,142
63,127,490
63,138,67
63,140,804
63,144,349
63,145,170
63,152,542
63,153,215
63,163,212
63,165,248
63,166,623
63,170,548
63,171,633
63,174,740
63,175,395
63,177,771
63,180,1204
63,184,334
63,185,605
63,187,622
63,192,702
63,195,282
63,197,244
63,198,378
64,67,957
64,68,528
64,71,889
64,75,238
64,81,558
64,83,311
64,84,871
64,86,986
64,88,748
64,91,672
64,92,2052
64,97,961
64,99,583
64,101,1357
64,106,1481
64,107,769
64,110,986
64,111,858
64,113,494
64,115,1196
64,119,563
64,123,1187
64,124,1001
64,125,206
64,127,315
64,131,1094
64,132,1098
64,135,557
64,136,879
64,137,227
64,138,849
64,140,108
64,141,966
64,144,584
64,145,673
64,146,1249
64,149,656
64,150,911
64,153,605
64,161,385
64,163,1226
64,168,427
64,170,1227
64,171,1633
64,174,26
64,176,740
64,178,1070
64,181,1268
64,183,905
64,184,990
64,188,406
64,190,1505
64,191,981
64,194,1045
64,195,588
64,197,870
65,66,413
65,71,651
65,72,628
65,78,302
65,80,907
65,82,95
65,85,770
65,86,390
65,88,732
65,90,530
65,93,346
65,95,320
65,96,321
65,97,694
65,103,721
65,105,422
65,108,179
65,109,672
65,114,506
65,115,166
65,119,926
65,120,166
65,125,809
65,127,280
65,129,642
65,132,403
65,135,426
65,138,218
65,144,209
65,149,224
65,154,838
65,155,520
65,160,885
65,165,740
65,168,485
65,169,584
65,172,547
65,179,556
65,180,632
65,183,519
65,196,95
65,198,476
66,71,609
66,74,119
66,75,516
66,76,735
66,77,778
66,79,912
66,81,135
66,86,1069
66,87,944
66,91,856
66,92,836
66,98,565
66,100,27
66,102,884
66,104,992
66,108,789
66,112,264
66,115,389
66,119,245
66,120,830
66,121,438
66,122,555
66,123,371
66,124,937
66,125,510
66,126,655
66,129,428
66,132,1132
66,134,372
66,137,222
66,138,618
66,139,747
66,148,737
66,149,342
66,151,670
66,155,350
66,156,556
66,158,520
66,159,122
66,160,393
66,162,387
66,164,258
66,165,1018
66,167,395
66,168,76
66,169,461
66,170,962
66,171,505
66,174,427
66,175,786
66,181,667
66,188,166
66,195,345
66,196,470
66,198,784
66,199,145
67,68,595
67,73,715
67,75,1249
67,76,1203
67,77,205
67,78,554
67,80,1029
67,83,831
67,85,1192
67,86,177
67,89,43
67,91,414
67,95,583
67,98,1055
67,99,1096
67,104,596
67,106,542
67,109,692
67,113,744
67,118,259
67,119,1708
67,120,266
67,122,1174
67,123,1141
67,127,648
67,128,461
67,130,960
67,132,121
67,135,619
67,136,281
67,139,500
67,144,483
67,145,383
67,148,781
67,149,418
67,150,1457
67,151,541
67,153,433
67,154,842
67,157,338
67,161,701
67,168,1573
67,169,1572
67,172,1224
67,175,417
67,176,581
67,180,1126
67,183,982
67,187,768
67,188,676
67,189,832
67,191,729
67,192,1181
67,194,686
67,198,354
68,70,523
68,72,779
68,78,303
68,80,599
68,82,326
68,83,840
68,84,940
68,89,545
68,92,1145
68,93,360
68,95,496
68,96,989
68,97,709
68,100,710
68,101,1421
68,103,787
68,106,892
68,108,424
68,110,700
68,113,947
68,116,996
68,119,903
68,122,885
68,125,757
68,131,1316
68,136,569
68,137,621
68,138,714
68,143,902
68,147,124
68,153,159
68,154,821
68,155,534
68,157,713
68,163,391
68,164,451
68,166,550
68,170,812
68,172,1301
68,174,675
68,175,64
68,179,1156
68,180,514
68,182,437
68,184,385
68,185,951
68,186,479
68,187,747
68,190,1398
68,192,551
68,196,343
69,73,327
69,74,387
69,76,785
69,80,456
69,82,239
69,84,618
69,88,773
69,96,526
69,97,709
69,98,477
69,105,294
69,107,653
69,113,448
69,117,311
69,119,575
69,121,202
69,122,722
69,125,301
69,128,114
69,129,566
69,131,1298
69,133,180
69,140,804
69,141,527
69,144,280
69,148,126
69,152,197
69,155,357
69,156,247
69,158,76
69,161,46
69,162,313
69,164,184
69,167,115
69,170,800
69,172,518
69,175,466
69,176,879
69,177,622
69,178,736
69,179,834
69,181,557
69,183,848
69,184,517
69,186,404
69,187,476
70,71,807
70,75,1304
70,77,304
70,78,605
70,79,727
70,80,910
70,81,656
70,87,267
70,88,552
70,89,529
70,92,458
70,94,412
70,96,133
70,99,738
70,104,295
70,105,623
70,111,397
70,118,406
70,119,928
70,124,397
70,129,266
70,136,122
70,137,1245
70,139,320
70,142,115
70,144,513
70,146,219
70,147,920
70,149,219
70,150,713
70,151,713
70,152,520
70,157,161
70,161,470
70,162,223
70,164,574
70,167,494
70,171,251
70,173,413
70,174,1067
70,175,791
70,176,702
70,179,299
70,181,120
70,183,616
70,185,782
70,187,598
70,189,589
70,193,710
70,197,516
70,199,525
71,72,191
71,75,877
71,86,892
71,90,895
71,96,710
71,97,537
71,100,341
71,102,905
71,103,812
71,106,352
71,110,535
71,112,288
71,114,173
71,115,489
71,118,695
71,119,436
71,120,707
71,122,1090
71,125,648
71,129,380
71,131,636
71,132,853
71,133,776
71,134,657
71,135,365
71,136,1098
71,137,558
71,138,822
71,146,832
71,153,873
71,158,613
71,162,884
71,163,954
71,165,1250
71,168,493
71,171,516
71,174,1090
71,179,587
71,188,517
71,190,522
71,193,467
71,194,401
72,73,830
72,74,312
72,75,949
72,80,847
72,81,395
72,82,474
72,86,699
72,87,986
72,88,191
72,89,712
72,93,644
72,94,106
72,99,293
72,100,278
72,101,496
72,105,693
72,109,490
72,111,77
72,113,329
72,115,326
72,117,973
72,120,551
72,123,193
72,125,1096
72,126,492
72,127,474
72,129,192
72,130,572
72,131,540
72,137,594
72,139,684
72,145,411
72,146,1209
72,147,859
72,150,306
72,153,1159
72,160,181
72,161,557
72,163,685
72,169,754
72,170,845
72,173,401
72,175,814
72,180,878
72,181,430
72,183,131
72,185,96
72,188,354
72,190,407
72,193,362
72,197,664
72,199,415
73,74,604
73,76,1095
73,80,394
73,82,494
73,83,446
73,85,1684
73,90,254
73,94,1097
73,95,268
73,97,849
73,101,858
73,102,229
73,104,1059
73,105,261
73,108,577
73,111,719
73,112,879
73,117,17
73,119,1152
73,120,486
73,122,239
73,127,459
73,128,491
73,132,850
73,133,188
73,141,711
73,145,749
73,150,1022
73,153,516
73,155,290
73,156,313
73,158,378
73,160,873
73,168,835
73,172,701
73,173,436
73,180,220
73,182,1200
73,183,1055
73,185,751
73,186,561
73,187,688
73,189,895
73,190,1544
73,192,197
73,193,600
73,197,491
73,199,611
74,76,364
74,82,456
74,83,357
74,89,1091
74,90,1041
74,93,444
74,99,113
74,114,232
74,115,329
74,117,1215
74,120,514
74,121,732
74,133,514
74,134,394
74,135,143
74,136,566
74,141,250
74,142,497
74,143,358
74,146,688
74,147,712
74,148,423
74,153,992
74,154,170
74,157,964
74,160,517
74,167,424
74,168,191
74,169,556
74,170,724
74,171,845
74,176,821
74,179,684
74,183,171
74,187,98
74,188,181
74,189,362
74,192,533
74,194,180
74,197,576
74,198,867
75,79,159
75,81,670
75,83,435
75,85,904
75,86,1013
75,88,763
75,93,165
75,101,1333
75,104,1069
75,105,162
75,107,868
75,110,840
75,112,776
75,113,651
75,114,1338
75,116,787
75,122,295
75,127,299
75,129,855
75,130,410
75,131,1661
75,134,213
75,136,765
75,137,566
75,139,933
75,140,316
75,141,704
75,143,725
75,145,557
75,147,439
75,152,401
75,158,336
75,162,892
75,164,315
75,169,206
75,170,1050
75,171,943
75,173,414
75,174,425
75,176,821
75,177,207
75,178,1812
75,181,778
75,182,1005
75,183,808
75,184,999
75,185,1041
75,186,558
75,187,1304
75,189,1466
75,190,1365
75,191,1750
75,192,175
75,194,767
75,195,574
75,197,655
76,79,1206
76,83,940
76,85,448
76,89,796
76,93,772
76,94,170
76,96,417
76,97,382
76,98,1038
76,99,356
76,101,553
76,102,1094
76,104,430
76,106,215
76,108,1240
76,111,430
76,113,856
76,116,211
76,118,839
76,119,545
76,120,672
76,123,233
76,124,772
76,129,254
76,131,436
76,134,734
76,135,540
76,137,726
76,139,343
76,141,641
76,145,977
76,153,765
76,156,837
76,159,429
76,160,316
76,161,758
76,163,1427
76,164,726
76,170,613
76,174,904
76,177,1131
76,178,376
76,183,244
76,184,1201
76,186,773
76,188,512
76,189,162
76,191,232
76,193,526
76,194,404
76,196,565
76,198,505
77,78,703
77,79,833
77,80,1051
77,83,1637
77,84,325
77,85,1010
77,86,116
77,89,249
77,90,965
77,91,631
77,92,374
77,93,751
77,95,615
77,99,762
77,104,255
77,107,420
77,108,297
77,109,1301
77,111,536
77,113,711
77,116,728
77,117,1641
77,119,943
77,120,361
77,121,1519
77,123,1401
77,124,46
77,125,1303
77,127,697
77,129,596
77,130,1307
77,132,204
77,135,539
77,136,141
77,138,228
77,141,1235
77,145,333
77,150,876
77,151,958
77,152,866
77,153,526
77,156,655
77,159,832
77,161,1088
77,164,1004
77,168,836
77,169,984
77,172,776
77,173,713
77,175,709
77,176,725
77,180,1201
77,181,169
77,182,220
77,183,735
77,186,399
77,194,809
77,195,478
77,197,492
78,80,401
78,83,682
78,84,631
78,87,1550
78,99,581
78,104,1211
78,106,656
78,112,769
78,114,775
78,119,788
78,120,441
78,122,634
78,125,369
78,126,319
78,127,157
78,128,113
78,129,639
78,130,524
78,132,961
78,133,64
78,134,83
78,135,389
78,136,1058
78,140,556
78,143,494
78,144,713
78,146,587
78,147,346
78,150,846
78,153,419
78,155,388
78,156,158
78,163,525
78,170,1400
78,174,428
78,175,222
78,179,1246
78,181,584
78,187,544
78,190,904
78,191,854
78,192,456
78,193,753
78,194,357
78,195,231
78,198,1265
79,83,803
79,86,774
79,90,314
79,91,691
79,93,218
79,94,944
79,100,571
79,101,875
79,103,792
79,108,517
79,109,366
79,112,928
79,113,543
79,114,798
79,116,743
79,119,837
79,120,427
79,124,1034
79,126,456
79,130,444
79,131,1001
79,132,789
79,133,128
79,139,914
79,141,713
79,144,527
79,145,522
79,150,1110
79,151,177
79,152,586
79,154,764
79,155,340
79,156,191
79,157,1018
79,158,306
79,165,752
79,166,521
79,169,318
79,171,817
79,172,812
79,174,331
79,175,316
79,176,425
79,177,312
79,179,978
79,184,680
79,186,718
79,187,818
79,188,594
79,189,898
79,190,891
79,192,269
79,194,517
79,196,709
79,197,493
80,84,1621
80,85,792
80,88,728
80,94,862
80,96,946
80,101,838
80,103,1095
80,109,403
80,113,606
80,114,914
80,115,1424
80,118,1350
80,119,607
80,124,1081
80,135,633
80,138,1190
80,141,668
80,144,731
80,155,199
80,157,1631
80,158,500
80,160,990
80,162,741
80,167,588
80,170,1174
80,171,1521
80,172,707
80,173,608
80,174,93
80,175,589
80,176,811
80,179,1057
80,180,231
80,181,1576
80,183,738
80,184,949
80,186,1383
80,191,1279
81,82,863
81,83,255
81,86,863
81,89,887
81,91,1278
81,96,630
81,98,556
81,99,122
81,102,957
81,104,841
81,105,883
81,107,768
81,109,572
81,110,535
81,112,217
81,116,290
81,117,626
81,119,105
81,121,1002
81,132,886
81,133,575
81,135,298
81,136,1250
81,143,822
81,144,528
81,146,906
81,153,743
81,154,324
81,158,658
81,160,451
81,161,445
81,162,521
81,164,343
81,166,524
81,167,677
81,169,928
81,172,135
81,174,568
81,178,653
81,179,668
81,183,351
81,184,946
81,186,847
81,187,384
81,190,696
81,192,497
81,193,104
81,194,350
81,196,825
81,198,843
81,199,232
82,88,527
82,90,435
82,97,425
82,99,669
82,101,691
82,104,685
82,106,431
82,108,219
82,109,721
82,113,523
82,114,520
82,115,163
82,116,486
82,117,555
82,119,1142
82,122,680
82,123,620
82,124,377
82,126,21
82,127,386
82,128,259
82,131,602
82,133,515
82,135,543
82,137,517
82,138,181
82,140,820
82,142,257
82,143,256
82,150,761
82,152,502
82,155,616
82,156,367
82,157,355
82,159,606
82,160,1231
82,161,262
82,163,360
82,167,171
82,169,1006
82,171,610
82,174,617
82,175,454
82,177,736
82,178,554
82,179,460
82,180,1084
82,181,318
82,183,719
82,186,224
82,190,794
82,192,911
82,195,221
82,196,114
82,197,240
83,87,973
83,90,655
83,92,1001
83,94,818
83,95,352
83,96,683
83,98,382
83,99,493
83,100,219
83,104,868
83,106,722
83,108,656
83,109,207
83,110,865
83,112,356
83,113,170
83,114,484
83,115,576
83,116,614
83,118,593
83,122,412
83,126,1021
83,128,623
83,130,137
83,132,1466
83,133,786
83,134,316
83,135,341
83,140,385
83,143,1099
83,144,452
83,149,555
83,154,637
83,155,233
83,159,254
83,162,514
83,163,832
83,166,218
83,167,413
83,171,675
83,177,412
83,178,1120
83,180,521
83,181,755
83,182,1333
83,184,892
83,190,765
83,192,412
83,193,114
83,195,432
83,196,564
84,85,760
84,89,660
84,90,712
84,92,331
84,95,645
84,97,132
84,98,1662
84,104,210
84,106,143
84,107,515
84,110,392
84,115,296
84,116,343
84,122,1018
84,123,463
84,125,782
84,126,342
84,128,856
84,135,326
84,136,234
84,137,743
84,142,253
84,143,154
84,145,345
84,146,419
84,147,717
84,149,254
84,150,711
84,152,524
84,153,590
84,156,736
84,157,210
84,158,547
84,160,776
84,163,543
84,165,398
84,171,54
84,172,537
84,173,444
84,175,656
84,177,1200
84,179,100
84,180,993
84,184,600
84,185,370
84,187,589
84,190,169
84,193,573
84,194,327
84,195,726
84,196,436
84,198,215
85,88,306
85,92,1016
85,98,1002
85,99,482
85,102,1036
85,107,1076
85,112,142
85,115,1157
85,124,1096
85,126,1344
85,127,634
85,128,889
85,130,987
85,131,873
85,132,1803
85,136,883
85,137,541
85,138,1453
85,139,961
85,142,1098
85,146,1033
85,147,1080
85,150,192
85,152,714
85,156,1539
85,158,918
85,159,451
85,160,300
85,167,1073
85,168,368
85,174,1149
85,184,1213
85,186,1125
85,187,326
85,188,572
85,192,841
85,193,370
85,194,545
85,196,851
85,198,1106
85,199,616
86,87,294
86,93,846
86,95,817
86,98,1062
86,101,1044
86,102,1028
86,103,62
86,107,251
86,109,1312
86,111,589
86,113,1400
86,115,401
86,118,516
86,120,319
86,125,984
86,126,341
86,128,543
86,134,664
86,135,1038
86,137,853
86,139,641
86,140,1875
86,148,482
86,149,450
86,151,876
86,152,851
86,153,455
86,155,897
86,156,698
86,158,1068
86,163,178
86,164,782
86,171,368
86,172,1380
86,173,953
86,176,558
86,177,1302
86,183,750
86,187,793
86,194,538
86,195,465
86,197,424
86,199,1164
87,89,470
87,91,846
87,93,899
87,94,642
87,98,1217
87,100,747
87,104,126
87,112,838
87,115,518
87,117,1075
87,118,654
87,119,958
87,124,174
87,130,1043
87,137,1587
87,138,363
87,139,251
87,140,2187
87,142,369
87,143,351
87,148,1151
87,151,930
87,153,627
87,155,1704
87,156,1434
87,158,724
87,159,689
87,163,475
87,166,999
87,169,1144
87,170,36
87,173,629
87,174,1117
87,177,1121
87,180,1155
87,181,281
87,182,379
87,185,799
87,190,248
87,191,443
87,199,1463
88,89,1284
88,91,1056
88,92,936
88,101,172
88,102,718
88,103,777
88,105,931
88,107,1065
88,108,657
88,109,552
88,113,421
88,115,424
88,117,951
88,118,590
88,119,221
88,121,930
88,123,195
88,132,786
88,139,541
88,140,598
88,144,298
88,148,549
88,156,875
88,157,806
88,159,175
88,163,1074
88,165,816
88,169,691
88,170,744
88,173,414
88,179,793
88,180,1171
88,182,707
88,184,1320
88,187,31
88,189,214
88,193,311
89,91,400
89,92,443
89,93,919
89,96,677
89,98,1084
89,100,826
89,102,529
89,104,822
89,110,511
89,111,732
89,112,953
89,116,1367
89,119,1170
89,126,318
89,127,638
89,132,131
89,133,1081
89,134,982
89,137,827
89,139,521
89,144,523
89,146,134
89,148,777
89,149,482
89,153,470
89,154,868
89,156,588
89,160,1098
89,161,537
89,165,166
89,171,600
89,172,869
89,176,380
89,178,1063
89,179,889
89,181,588
89,184,138
89,188,799
89,191,919
89,193,848
89,197,456
89,198,420
90,97,773
90,99,805
90,101,1303
90,105,349
90,107,627
90,109,551
90,111,1101
90,112,1037
90,116,750
90,119,879
90,120,336
90,121,254
90,122,965
90,123,1264
90,126,371
90,127,436
90,134,285
90,139,1037
90,142,717
90,145,439
90,148,252
90,155,477
90,157,852
90,163,457
90,165,890
90,167,369
90,168,662
90,169,808
90,172,951
90,173,577
90,188,469
90,191,956
90,192,828
90,194,522
90,197,176
91,95,434
91,99,1595
91,100,896
91,108,611
91,111,940
91,112,1099
91,114,1324
91,115,586
91,117,598
91,119,1716
91,122,817
91,124,609
91,125,612
91,127,596
91,132,568
91,143,770
91,144,902
91,145,478
91,149,980
91,153,233
91,155,883
91,157,813
91,159,702
91,162,543
91,165,1013
91,172,915
91,174,741
91,175,195
91,176,97
91,181,745
91,182,387
91,186,530
91,187,986
91,189,1786
91,191,1177
91,192,835
91,196,428
91,197,198
91,198,846
91,199,960
92,95,808
92,96,312
92,97,275
92,102,865
92,104,144
92,107,512
92,108,537
92,113,798
92,114,648
92,115,470
92,117,1034
92,121,1171
92,128,743
92,132,319
92,135,1083
92,138,448
92,139,333
92,144,584
92,149,742
92,151,898
92,154,823
92,156,1117
92,158,1029
92,169,1282
92,174,1111
92,178,356
92,180,1796
92,184,565
92,186,885
92,188,1468
92,190,269
92,196,793
92,197,680
92,198,108
92,199,955
93,95,137
93,97,741
93,99,598
93,108,665
93,109,197
93,112,791
93,113,365
93,117,281
93,119,879
93,121,62
93,123,944
93,125,258
93,126,412
93,130,410
93,132,884
93,133,213
93,139,917
93,140,508
93,141,548
93,142,940
93,143,578
93,144,469
93,153,394
93,156,401
93,163,593
93,164,209
93,165,729
93,166,149
93,168,457
93,169,232
93,170,1277
93,174,262
93,176,523
93,179,784
93,183,751
93,187,632
93,188,367
93,189,745
93,195,296
93,196,401
93,197,334
94,100,340
94,102,1073
94,108,470
94,111,165
94,112,646
94,116,234
94,117,791
94,118,482
94,122,874
94,125,629
94,126,655
94,131,387
94,132,639
94,133,644
94,134,612
94,135,221
94,137,1111
94,139,275
94,141,527
94,145,486
94,149,418
94,153,789
94,154,255
94,156,853
94,158,528
94,159,302
94,160,508
94,161,670
94,167,417
94,168,473
94,170,821
94,172,330
94,173,747
94,175,944
94,177,1132
94,178,230
94,179,235
94,182,546
94,192,769
94,196,398
95,97,633
95,98,754
95,99,548
95,103,641
95,104,782
95,107,590
95,108,731
95,112,588
95,113,303
95,115,479
95,117,310
95,118,559
95,121,200
95,122,424
95,123,683
95,128,172
95,130,529
95,131,1257
95,133,262
95,138,493
95,139,986
95,142,404
95,143,438
95,146,538
95,154,550
95,159,601
95,160,772
95,161,18
95,162,372
95,163,485
95,164,179
95,166,280
95,168,442
95,171,602
95,172,504
95,175,270
95,181,569
95,184,546
95,185,496
95,187,710
95,190,661
95,191,1303
95,197,320
95,198,1312
95,199,316
96,98,990
96,99,558
96,100,524
96,101,1085
96,103,314
96,105,791
96,110,300
96,111,573
96,118,303
96,120,493
96,121,745
96,122,998
96,125,1281
96,127,526
96,128,807
96,130,740
96,132,542
96,134,649
96,136,147
96,137,705
96,139,182
96,140,1275
96,146,388
96,147,580
96,151,1267
96,156,598
96,157,117
96,158,755
96,160,598
96,161,556
96,163,694
96,165,308
96,166,1123
96,168,690
96,169,1552
96,172,564
96,173,553
96,174,1041
96,175,1027
96,178,474
96,179,192
96,180,972
96,185,441
96,187,484
96,190,207
96,194,361
96,197,470
96,198,258
97,99,687
97,103,592
97,113,719
97,114,653
97,115,458
97,116,422
97,117,1402
97,119,1077
97,121,1004
97,131,319
97,132,369
97,134,731
97,135,399
97,137,1401
97,138,346
97,140,982
97,141,846
97,142,246
97,144,437
97,145,311
97,153,553
97,161,1098
97,162,264
97,164,677
97,166,1201
97,171,83
97,173,690
97,174,924
97,177,1004
97,180,1030
97,181,150
97,182,406
97,184,578
97,188,794
97,193,1142
97,196,561
97,197,579
98,99,689
98,100,617
98,102,608
98,103,1991
98,104,1154
98,105,310
98,106,915
98,111,786
98,112,1458
98,114,1021
98,115,747
98,117,345
98,124,1417
98,126,759
98,128,526
98,129,962
98,130,310
98,133,443
98,136,1694
98,137,408
98,138,887
98,140,148
98,141,642
98,144,683
98,145,1129
98,146,1210
98,147,1043
98,149,741
98,151,544
98,152,520
98,158,524
98,161,498
98,163,915
98,166,249
98,168,526
98,172,749
98,173,603
98,175,675
98,177,66
98,178,1185
98,180,144
98,185,810
98,186,774
98,196,681
98,197,678
98,198,1142
98,199,449
99,100,193
99,101,301
99,102,970
99,106,461
99,109,368
99,110,438
99,121,1086
99,123,187
99,124,816
99,125,458
99,127,419
99,130,431
99,135,245
99,137,439
99,138,915
99,139,1119
99,140,560
99,149,505
99,153,659
99,154,120
99,156,1073
99,158,553
99,163,1463
99,164,405
99,166,512
99,167,895
99,172,32
99,176,939
99,181,604
99,182,798
99,188,280
99,190,597
99,192,587
99,193,295
99,196,536
100,102,623
100,104,751
100,110,426
100,118,506
100,119,242
100,120,530
100,128,422
100,134,389
100,140,477
100,141,229
100,142,458
100,144,265
100,148,473
100,150,263
100,151,782
100,152,186
100,155,387
100,161,493
100,166,394
100,168,161
100,169,915
100,170,834
100,172,164
100,174,878
100,176,832
100,177,614
100,178,717
100,179,563
100,183,249
100,185,268
100,191,544
100,193,109
100,194,292
100,196,363
100,197,1103
100,198,706
101,102,880
101,106,514
101,107,1573
101,108,870
101,122,878
101,124,1180
101,126,676
101,129,739
101,130,925
101,133,852
101,134,670
101,136,850
101,137,533
101,139,618
101,140,999
101,142,681
101,143,634
101,147,979
101,149,530
101,151,1553
101,155,677
101,157,1199
101,159,354
101,160,123
101,161,904
101,162,562
101,165,1271
101,169,778
101,170,837
101,171,781
101,173,575
101,176,1925
101,180,996
101,184,1043
101,186,928
101,192,844
101,193,350
101,194,504
101,199,460
102,103,1043
102,106,699
102,110,775
102,112,1020
102,113,512
102,119,883
102,121,224
102,126,362
102,127,527
102,128,185
102,136,603
102,138,453
102,140,733
102,142,787
102,146,546
102,147,227
102,150,742
102,151,85
102,153,352
102,154,1186
102,156,69
102,158,265
102,163,490
102,165,1020
102,168,757
102,169,557
102,173,325
102,174,482
102,176,310
102,177,588
102,179,1202
102,183,736
102,186,611
102,191,1081
102,196,323
102,198,880
102,199,527
103,104,408
103,106,529
103,108,260
103,110,393
103,111,659
103,112,910
103,116,732
103,118,381
103,124,43
103,125,863
103,126,354
103,128,789
103,130,916
103,131,391
103,136,145
103,139,362
103,140,1316
103,142,302
103,145,387
103,146,208
103,151,977
103,153,571
103,154,771
103,158,930
103,161,1123
103,163,240
103,165,45
103,166,856
103,168,1568
103,169,982
103,170,232
103,172,864
103,173,602
103,177,1082
103,179,617
103,180,1649
103,182,194
103,183,1005
103,184,335
103,187,1002
103,189,782
103,190,402
103,195,543
103,197,624
104,106,289
104,108,695
104,109,901
104,110,802
104,114,491
104,116,581
104,121,1115
104,122,1382
104,127,729
104,129,395
104,130,959
104,132,378
104,138,408
104,140,1233
104,143,471
104,148,709
104,157,146
104,159,869
104,167,712
104,171,370
104,172,1241
104,173,865
104,174,1388
104,175,1169
104,176,828
104,182,872
104,184,1033
104,186,447
104,188,647
104,189,555
104,195,578
104,196,536
104,199,731
105,106,1247
105,108,561
105,111,551
105,114,1213
105,119,579
105,121,141
105,123,994
105,132,914
105,133,168
105,136,663
105,137,346
105,138,663
105,139,915
105,142,541
105,144,494
105,149,471
105,153,352
105,160,701
105,165,1131
105,166,179
105,168,398
105,169,217
105,173,387
105,174,226
105,175,369
105,177,253
105,178,989
105,184,723
105,185,569
105,186,469
105,188,294
105,195,307
105,196,467
105,198,837
106,107,557
106,108,422
106,109,639
106,110,390
106,111,155
106,117,950
106,121,893
106,122,1149
106,131,522
106,132,965
106,134,652
106,135,253
106,139,203
106,141,463
106,144,262
106,145,346
106,146,738
106,149,252
106,150,463
106,156,680
106,160,346
106,162,346
106,166,671
106,169,827
106,170,469
106,172,431
106,179,176
106,183,372
106,188,448
106,192,815
106,194,440
106,195,464
106,196,392
107,112,1661
107,117,618
107,119,1033
107,121,520
107,122,1386
107,123,1230
107,127,480
107,129,723
107,131,868
107,132,272
107,133,405
107,137,993
107,138,120
107,142,303
107,144,539
107,145,263
107,147,287
107,149,380
107,150,802
107,152,500
107,153,278
107,161,604
107,162,520
107,163,88
107,168,714
107,171,579
107,177,874
107,179,539
107,183,944
107,184,185
107,186,344
107,187,1246
107,192,1164
107,195,316
107,196,333
107,198,436
108,112,1053
108,113,757
108,118,89
108,119,955
108,122,1259
108,124,280
108,125,650
108,128,430
108,130,746
108,136,212
108,137,766
108,138,64
108,145,188
108,147,418
108,148,342
108,151,418
108,159,536
108,160,957
108,167,263
108,172,721
108,173,517
108,174,726
108,175,562
108,176,390
108,177,1047
108,178,694
108,180,920
108,181,243
108,185,634
108,187,628
108,190,615
108,191,569
108,199,508
109,111,434
109,112,830
109,114,925
109,116,449
109,120,571
109,124,858
109,125,106
109,128,270
109,131,1098
109,134,142
109,135,578
109,136,637
109,139,725
109,143,493
109,144,322
109,145,425
109,146,1033
109,147,582
109,148,518
109,150,679
109,151,431
109,152,100
109,153,587
109,163,691
109,166,150
109,167,314
109,168,267
109,170,891
109,174,252
109,175,474
109,179,701
109,181,814
109,184,715
109,188,152
109,190,742
109,191,728
109,194,321
109,195,323
109,197,546
110,111,284
110,113,364
110,115,54
110,116,523
110,118,354
110,120,189
110,121,583
110,122,719
110,123,492
110,127,322
110,128,328
110,129,267
110,131,480
110,134,380
110,136,320
110,140,770
110,143,244
110,144,221
110,147,573
110,149,34
110,151,476
110,153,306
110,155,519
110,156,396
110,160,509
110,163,378
110,167,254
110,169,639
110,173,163
110,175,418
110,176,545
110,178,655
110,184,467
110,185,373
110,187,409
110,196,118
111,115,293
111,118,608
111,119,773
111,120,741
111,125,1017
111,127,721
111,133,632
111,134,803
111,136,439
111,141,314
111,142,396
111,143,217
111,144,221
111,147,718
111,148,445
111,149,285
111,150,411
111,152,531
111,155,768
111,159,194
111,160,335
111,165,893
111,168,344
111,175,648
111,178,323
111,182,1023
111,185,123
111,189,313
111,190,492
111,196,441
112,113,302
112,114,271
112,116,222
112,118,816
112,121,703
112,125,886
112,126,644
112,128,653
112,129,731
112,130,470
112,131,939
112,133,1162
112,135,433
112,136,1004
112,143,583
112,144,458
112,146,1600
112,149,520
112,150,87
112,153,772
112,154,133
112,160,309
112,161,802
112,162,608
112,163,1549
112,168,247
112,169,791
112,171,590
112,172,88
112,173,527
112,176,1034
112,179,800
112,181,682
112,182,845
112,183,153
112,185,196
112,186,529
112,187,271
112,188,451
112,190,768
112,192,1138
112,196,648
112,197,804
112,198,781
112,199,392
113,115,356
113,116,301
113,120,531
113,122,517
113,123,476
113,126,658
113,128,373
113,129,586
113,130,377
113,135,210
113,138,588
113,141,275
113,143,409
113,144,248
113,145,412
113,150,255
113,152,142
113,154,349
113,155,376
113,156,655
113,158,290
113,162,639
113,164,215
113,167,430
113,171,741
113,172,221
113,175,633
113,176,996
113,177,487
113,181,560
113,186,335
113,187,217
113,188,184
113,190,618
113,192,415
113,198,767
114,115,598
114,116,140
114,118,817
114,121,1073
114,124,876
114,125,1076
114,127,509
114,128,590
114,129,285
114,132,827
114,134,612
114,137,613
114,139,424
114,141,292
114,143,607
114,144,299
114,146,874
114,147,832
114,148,565
114,150,283
114,153,691
114,154,163
114,156,769
114,157,475
114,160,203
114,161,541
114,164,562
114,165,654
114,166,851
114,168,630
114,172,243
114,174,1179
114,175,771
114,177,829
114,178,535
114,181,462
114,182,1027
114,184,1401
114,186,374
114,190,387
114,192,758
114,193,374
114,199,439
115,116,386
115,119,577
115,120,217
115,121,492
115,122,731
115,128,314
115,133,815
115,136,281
115,139,340
115,140,678
115,141,788
115,143,154
115,144,117
115,145,99
115,146,514
115,147,703
115,149,29
115,151,512
115,152,313
115,153,363
115,155,553
115,157,293
115,161,296
115,162,27
115,163,526
115,168,829
115,169,1196
115,170,453
115,173,173
115,174,658
115,175,744
115,176,884
115,179,352
115,180,872
115,181,222
115,187,447
115,191,393
115,192,876
115,194,170
115,195,160
115,196,197
115,199,418
116,119,513
116,121,869
116,123,134
116,124,659
116,127,608
116,133,1094
116,134,858
116,140,684
116,141,321
116,143,396
116,144,257
116,145,433
116,147,795
116,148,520
116,149,511
116,150,253
116,152,434
116,154,173
116,156,912
116,157,644
116,160,175
116,164,480
116,165,661
116,168,299
116,175,727
116,177,771
116,178,422
116,181,468
116,182,743
116,189,267
116,193,311
116,199,625
117,119,760
117,122,306
117,123,1641
117,124,1018
117,125,291
117,129,849
117,131,1977
117,132,855
117,140,391
117,141,701
117,142,647
117,143,886
117,145,568
117,146,771
117,147,544
117,148,676
117,150,865
117,151,264
117,154,768
117,156,435
117,157,862
117,160,1272
117,167,408
117,168,1070
117,170,1006
117,172,915
117,175,329
117,177,241
117,178,1099
117,179,1253
117,182,868
117,184,994
117,185,828
117,188,808
117,189,1077
117,190,953
117,193,805
117,196,523
117,197,391
117,199,458
118,121,443
118,123,1202
118,125,567
118,126,113
118,127,374
118,128,307
118,134,358
118,136,332
118,142,287
118,143,503
118,145,118
118,147,295
118,148,255
118,149,323
118,157,506
118,163,326
118,164,432
118,170,723
118,171,401
118,174,655
118,176,376
118,177,1234
118,181,300
118,183,1033
118,186,242
118,187,683
118,188,414
118,189,686
118,190,855
118,193,936
118,195,272
118,196,206
118,197,176
118,198,433
118,199,844
119,121,851
119,123,571
119,126,711
119,132,1001
119,140,570
119,143,795
119,147,927
119,148,653
119,149,559
119,151,946
119,157,1095
119,159,450
119,160,461
119,161,735
119,163,980
119,165,1015
119,166,477
119,170,1469
119,171,677
119,172,152
119,174,622
119,176,1457
119,177,822
119,179,1248
119,181,848
119,184,1955
119,186,639
119,190,1084
119,195,557
119,197,1415
120,129,436
120,134,410
120,137,552
120,139,499
120,141,921
120,143,439
120,144,356
120,145,208
120,146,387
120,149,282
120,154,739
120,155,600
120,157,402
120,159,569
120,162,301
120,167,221
120,168,572
120,174,633
120,177,666
120,184,522
120,185,763
120,186,200
120,193,599
120,195,233
120,196,272
120,199,590
121,124,790
121,127,203
121,130,471
121,132,766
121,136,690
121,137,382
121,142,656
121,144,458
121,150,751
121,156,263
121,159,601
121,166,274
121,169,247
121,170,912
121,175,362
121,179,823
121,181,1305
121,182,625
121,183,812
121,188,335
121,189,837
121,191,1059
121,193,714
121,198,1438
122,124,1084
122,125,281
122,128,803
122,132,1034
122,134,346
122,137,444
122,144,670
122,149,843
122,150,700
122,151,489
122,152,631
122,153,1088
122,156,821
122,157,1385
122,166,297
122,172,1078
122,174,174
122,184,896
122,187,728
122,188,515
122,191,1072
122,194,633
122,197,736
122,199,682
123,127,857
123,129,368
123,130,603
123,131,616
123,137,762
123,139,591
123,144,402
123,146,1029
123,147,922
123,155,673
123,159,331
123,161,715
123,164,580
123,165,1362
123,175,1217
123,176,1017
123,177,957
123,182,784
123,184,1900
123,189,81
123,191,697
123,192,1179
123,193,513
123,194,458
123,195,554
123,196,556
123,197,786
123,198,649
124,125,850
124,126,365
124,127,971
124,128,867
124,129,686
124,131,329
124,134,725
124,137,1046
124,139,348
124,140,1350
124,141,870
124,142,303
124,143,673
124,145,461
124,147,708
124,151,1023
124,154,1055
124,157,369
124,158,599
124,161,1190
124,162,681
124,164,1007
124,168,832
124,169,1751
124,171,332
124,181,301
124,182,304
124,183,729
124,186,413
124,187,865
124,189,774
124,192,1362
124,193,845
124,196,535
124,198,203
124,199,795
125,128,378
125,130,133
125,133,284
125,134,287
125,135,628
125,138,637
125,139,1511
125,140,192
125,144,445
125,147,573
125,149,586
125,150,785
125,151,448
125,152,208
125,159,353
125,161,255
125,162,527
125,165,816
125,167,375
125,169,235
125,170,1225
125,171,713
125,174,175
125,178,1409
125,180,299
125,182,1230
125,183,531
125,187,478
125,194,383
125,195,497
125,197,467
125,199,216
126,130,567
126,134,347
126,135,373
126,137,530
126,145,65
126,147,490
126,148,158
126,149,169
126,150,609
126,151,391
126,154,726
126,155,573
126,159,500
126,163,462
126,168,541
126,172,602
126,175,413
126,178,664
126,180,696
126,185,478
126,186,126
126,190,845
127,129,846
127,130,243
127,132,1169
127,133,421
127,137,237
127,138,887
127,141,502
127,144,301
127,148,267
127,150,827
127,152,82
127,157,796
127,161,103
127,164,78
127,165,650
127,166,180
127,182,564
127,188,133
127,194,263
127,195,199
127,197,509
128,130,436
128,135,666
128,136,459
128,137,549
128,139,666
128,144,295
128,145,319
128,152,243
128,155,362
128,156,140
128,157,585
128,161,107
128,166,354
128,167,189
128,172,565
128,174,548
128,181,581
128,184,853
128,185,552
128,186,268
128,188,302
128,189,700
128,190,783
128,191,720
128,192,627
128,193,550
128,196,143
128,197,304
128,198,615
128,199,571
129,130,1034
129,133,723
129,135,270
129,136,332
129,141,535
129,142,264
129,146,539
129,150,669
129,152,455
129,153,556
129,154,349
129,156,642
129,159,448
129,164,588
129,165,614
129,172,635
129,174,1572
129,176,782
129,177,876
129,178,199
129,180,1082
129,183,344
129,185,340
129,186,262
129,189,327
129,190,225
129,191,167
129,194,488
129,196,379
129,198,323
130,131,968
130,133,548
130,134,402
130,137,55
130,142,638
130,143,1121
130,150,450
130,151,663
130,153,567
130,157,1315
130,158,490
130,163,837
130,168,274
130,172,555
130,177,303
130,178,946
130,182,797
130,186,904
130,192,360
130,193,270
130,195,692
130,196,474
130,197,598
130,199,216
131,133,1113
131,138,486
131,140,1127
131,141,779
131,142,433
131,144,631
131,147,1019
131,148,672
131,149,514
131,151,916
131,152,837
131,156,817
131,158,841
131,160,871
131,162,435
131,164,850
131,165,451
131,167,861
131,168,1372
131,171,294
131,175,1341
131,179,162
131,180,1910
131,182,496
131,185,668
131,188,739
131,190,141
131,197,1309
132,133,1139
132,135,691
132,140,1041
132,141,1193
132,143,459
132,149,658
132,150,1043
132,152,1333
132,153,432
132,155,935
132,156,564
132,157,444
132,159,1318
132,160,852
132,161,591
132,162,387
132,164,1467
132,165,104
132,169,1219
132,171,445
132,174,1008
132,181,414
132,185,887
132,186,492
132,188,674
132,189,1590
132,192,1187
132,196,461
133,135,447
133,136,579
133,137,383
133,138,629
133,139,854
133,141,824
133,143,674
133,144,444
133,146,836
133,147,349
133,148,203
133,149,404
133,151,226
133,156,206
133,157,870
133,159,450
133,160,1441
133,162,508
133,164,377
133,169,402
133,174,433
133,176,383
133,177,492
133,180,647
133,182,620
133,184,530
133,185,939
133,186,552
133,187,970
133,190,770
133,193,486
133,195,281
133,196,303
133,197,217
133,198,936
134,137,319
134,142,689
134,143,579
134,148,208
134,150,852
134,153,387
134,157,1323
134,159,334
134,165,976
134,167,212
134,171,633
134,175,301
134,179,1352
134,180,361
134,182,794
134,186,419
134,188,289
134,194,337
135,138,486
135,142,398
135,143,226
135,144,141
135,145,269
135,147,612
135,149,197
135,151,573
135,152,226
135,154,377
135,158,472
135,160,368
135,163,764
135,164,324
135,168,273
135,169,575
135,174,547
135,177,633
135,179,465
135,182,583
135,184,909
135,185,346
135,191,481
135,192,727
135,193,265
135,195,230
136,143,222
136,144,358
136,145,220
136,147,591
136,151,808
136,155,825
136,156,718
136,157,170
136,160,983
136,161,512
136,169,973
136,170,362
136,171,221
136,173,393
136,174,1715
136,175,580
136,177,945
136,181,80
136,183,709
136,190,535
136,192,881
137,138,683
137,147,1153
137,151,1001
137,152,243
137,153,665
137,154,662
137,155,213
137,161,313
137,162,512
137,166,139
137,172,416
137,175,540
137,179,893
137,180,391
137,181,714
137,183,505
137,185,837
137,187,404
137,188,246
137,194,359
137,196,416
138,139,511
138,141,757
138,142,307
138,145,261
138,146,228
138,147,398
138,149,378
138,151,772
138,152,565
138,154,828
138,155,681
138,156,387
138,157,320
138,159,508
138,160,730
138,161,505
138,164,557
138,173,326
138,177,806
138,181,214
138,183,1153
138,185,595
138,192,1274
138,197,296
139,140,1233
139,141,661
139,145,418
139,146,470
139,148,700
139,149,361
139,151,827
139,152,875
139,153,934
139,154,721
139,158,615
139,159,647
139,163,528
139,165,369
139,167,540
139,169,1548
139,172,616
139,181,195
139,183,581
139,187,948
139,191,168
139,193,680
139,195,503
139,197,999
139,199,848
140,142,763
140,143,769
140,146,1048
140,147,857
140,149,790
140,154,821
140,155,147
140,156,967
140,157,1268
140,162,694
140,163,998
140,166,195
140,168,478
140,175,660
140,176,1179
140,178,1118
140,179,1196
140,180,233
140,182,875
140,185,808
140,186,1118
140,188,683
140,189,1390
140,191,1269
140,197,633
140,199,352
141,142,658
141,143,512
141,144,507
141,145,654
141,146,1050
141,151,866
141,153,709
141,154,195
141,159,231
141,160,233
141,163,1221
141,164,639
141,168,277
141,170,915
141,171,821
141,178,651
141,180,1258
141,181,978
141,182,905
141,183,257
141,186,497
141,188,321
141,191,781
141,192,592
141,194,352
142,144,193
142,145,98
142,146,306
142,148,504
142,150,792
142,151,508
142,153,488
142,158,478
142,163,480
142,166,908
142,176,536
142,178,600
142,179,555
142,180,838
142,185,645
142,186,121
142,187,785
142,188,356
142,189,613
142,191,409
142,196,206
143,144,187
143,145,184
143,146,394
143,148,466
143,151,611
143,152,399
143,160,468
143,165,353
143,166,659
143,170,376
143,172,478
143,174,791
143,175,675
143,176,686
143,179,231
143,183,531
143,184,860
143,185,555
143,187,363
143,188,395
143,190,242
143,194,228
143,196,265
143,199,454
144,146,475
144,150,773
144,151,553
144,158,301
144,159,226
144,160,545
144,163,559
144,165,661
144,166,461
144,173,206
144,181,328
144,183,397
144,187,275
144,189,433
144,190,397
144,191,412
144,194,50
145,146,478
145,151,451
145,153,253
145,154,601
145,157,296
145,165,340
145,166,570
145,169,900
145,172,674
145,174,706
145,176,478
145,180,1231
145,189,751
145,192,1009
145,194,228
145,195,155
145,196,218
146,153,374
146,155,812
146,159,635
146,160,865
146,168,814
146,170,335
146,171,389
146,175,712
146,176,485
146,177,998
146,181,423
146,182,91
146,184,290
146,188,770
146,189,1325
146,190,853
146,193,855
146,194,515
146,197,393
147,148,322
147,149,508
147,155,745
147,157,1002
147,161,403
147,165,932
147,168,1156
147,172,1187
147,174,707
147,176,180
147,177,651
147,178,1027
147,180,621
147,184,266
147,185,796
147,186,479
147,189,950
147,191,1682
147,198,708
148,151,322
148,153,183
148,155,389
148,156,340
148,157,697
148,158,192
148,160,1288
148,161,219
148,167,88
148,169,484
148,172,633
148,174,642
148,175,215
148,179,574
148,183,548
148,186,221
148,189,665
148,190,620
148,195,128
148,198,1069
149,150,487
149,151,535
149,155,807
149,157,313
149,158,230
149,159,282
149,160,541
149,164,484
149,165,439
149,166,557
149,167,179
149,176,888
149,177,681
149,178,420
149,180,819
149,183,379
149,186,28
149,188,310
149,189,507
149,191,482
149,194,131
149,195,153
149,196,177
149,197,373
150,152,596
150,153,786
150,164,436
150,168,265
150,172,89
150,176,1149
150,177,660
150,181,857
150,184,973
150,190,952
150,191,594
150,192,748
150,196,848
151,152,443
151,155,636
151,156,112
151,164,400
151,166,611
151,168,824
151,169,723
151,176,313
151,178,913
151,179,845
151,187,746
151,191,1393
151,196,368
151,197,195
151,198,778
151,199,498
152,153,383
152,154,545
152,155,290
152,159,209
152,160,940
152,161,213
152,165,656
152,168,267
152,170,866
152,174,660
152,175,624
152,176,647
152,178,676
152,182,551
152,184,1172
152,185,482
152,186,387
152,187,317
152,190,1069
152,191,680
152,192,360
152,197,478
152,198,662
152,199,65
153,154,902
153,155,484
153,156,121
153,157,995
153,163,273
153,164,425
153,168,689
153,169,586
153,171,632
153,172,701
153,174,574
153,176,485
153,177,760
153,181,445
153,183,1169
153,184,336
153,186,342
153,187,651
153,189,795
153,195,314
153,198,765
154,161,748
154,166,583
154,169,951
154,170,742
154,176,1313
154,178,461
154,180,981
154,181,650
154,182,741
154,183,31
154,189,179
154,190,497
154,193,337
154,198,882
155,162,792
155,163,751
155,165,879
155,168,552
155,170,1040
155,171,749
155,175,578
155,176,685
155,177,192
155,180,379
155,182,784
155,184,800
155,189,977
155,193,473
155,194,446
155,195,511
155,196,536
155,198,1662
156,165,1001
156,166,395
156,167,277
156,169,606
156,171,788
156,176,403
156,179,1297
156,182,741
156,183,705
156,186,388
156,187,1285
156,190,871
156,191,1421
156,194,774
156,197,129
156,198,751
156,199,460
157,162,272
157,166,1176
157,167,541
157,171,162
157,172,726
157,173,453
157,174,941
157,175,625
157,181,96
157,185,661
157,186,313
157,188,765
157,192,1492
157,195,438
157,197,549
157,198,77
158,159,270
158,160,648
158,163,742
158,164,190
158,167,76
158,168,590
158,170,699
158,173,79
158,174,450
158,179,599
158,181,599
158,182,788
158,183,752
158,188,193
158,191,839
158,192,386
158,197,355
158,199,314
159,161,295
159,163,631
159,167,328
159,174,604
159,176,756
159,180,1091
159,183,216
159,184,1123
159,186,350
159,187,252
159,191,478
159,192,923
159,196,302
159,197,606
160,161,932
160,163,924
160,166,732
160,167,703
160,170,764
160,171,571
160,178,731
160,179,917
160,182,965
160,184,972
160,185,192
160,189,87
160,191,388
160,192,1057
160,193,492
160,198,1222
161,165,568
161,171,938
161,172,510
161,174,560
161,177,569
161,178,739
161,179,625
161,181,601
161,184,711
161,185,498
161,190,650
161,194,248
161,196,158
162,164,442
162,165,666
162,166,526
162,167,276
162,169,667
162,170,525
162,171,193
162,174,655
162,175,429
162,179,639
162,180,755
162,182,451
162,183,503
162,184,470
162,185,675
162,186,38
162,187,382
162,197,356
162,198,346
162,199,364
163,164,980
163,169,822
163,170,678
163,171,453
163,173,723
163,174,1008
163,176,314
163,177,1331
163,179,552
163,186,391
163,191,773
163,195,516
163,196,406
163,197,274
163,199,795
164,167,261
164,168,330
164,180,395
164,183,488
164,184,755
164,187,424
164,189,744
164,191,762
164,192,222
164,194,378
164,197,419
164,198,1239
165,167,618
165,168,822
165,169,1527
165,172,1196
165,174,944
165,175,943
165,176,513
165,178,776
165,180,1513
165,186,371
165,190,771
165,192,906
165,194,846
165,195,771
165,197,444
165,198,262
166,167,694
166,169,188
166,170,1279
166,171,1400
166,172,487
166,174,185
166,177,202
166,179,840
166,187,870
166,190,1365
166,191,1379
166,192,168
166,195,369
166,197,479
166,199,242
167,169,504
167,170,614
167,172,642
167,173,42
167,174,480
167,175,310
167,177,536
167,178,594
167,179,524
167,181,415
167,182,642
167,187,745
167,188,204
167,189,819
167,191,710
167,194,203
167,198,540
167,199,318
168,171,1145
168,173,518
168,174,534
168,176,1032
168,177,775
168,179,923
168,182,798
168,187,208
168,193,49
168,196,532
168,197,622
168,198,767
168,199,177
169,170,1822
169,177,87
169,178,1758
169,179,1222
169,181,870
169,182,833
169,186,757
169,188,418
169,190,1198
169,194,558
169,195,535
169,196,914
169,197,694
169,198,1618
169,199,427
170,173,614
170,175,944
170,179,285
170,182,437
170,183,713
170,185,675
170,186,644
170,189,1029
170,190,320
170,194,593
170,195,615
170,196,839
170,197,669
171,172,523
171,174,972
171,176,931
171,177,902
171,179,200
171,182,501
171,184,980
171,186,234
171,188,452
171,190,167
171,191,306
171,194,478
171,196,345
172,173,440
172,174,594
172,175,765
172,176,1532
172,179,601
172,180,1226
172,186,533
172,188,318
172,189,304
172,190,574
172,193,266
172,195,560
172,197,732
172,199,341
173,174,675
173,177,652
173,178,568
173,181,381
173,183,784
173,184,525
173,185,438
173,186,148
173,190,656
173,193,515
173,196,63
173,199,226
174,176,1013
174,177,154
174,178,1015
174,182,1274
174,183,961
174,184,876
174,185,699
174,191,1686
174,195,519
174,198,1026
175,176,418
175,177,538
175,182,399
175,184,352
175,185,719
175,186,411
175,188,735
175,191,1136
175,193,975
175,198,906
176,180,1185
176,181,719
176,185,986
176,188,864
176,189,1069
176,191,966
176,192,1136
176,194,822
177,183,1312
177,186,741
177,191,1409
177,192,78
177,197,1110
178,180,1122
178,181,324
178,182,941
178,183,623
178,184,1539
178,186,534
178,192,992
178,198,339
179,182,477
179,183,534
179,186,465
179,187,658
179,189,457
179,190,19
179,191,159
179,192,946
179,196,521
179,198,213
179,199,624
180,189,1927
180,194,790
180,197,618
181,185,528
181,187,550
181,190,294
181,193,1192
181,195,699
181,196,487
181,199,770
182,184,289
182,189,845
182,190,521
182,192,785
182,193,754
182,194,686
182,195,535
182,197,366
182,198,350
183,187,55
183,189,164
183,190,596
183,191,433
183,192,729
183,198,663
184,188,701
184,193,988
184,195,500
184,196,452
184,197,480
185,188,303
185,194,253
185,198,596
185,199,505
186,187,719
186,189,488
186,195,173
186,196,241
186,199,652
187,188,345
187,191,414
187,196,489
187,197,662
187,199,295
188,190,580
188,198,1174
188,199,71
189,190,521
189,196,1003
190,192,1372
191,193,1084
191,199,650
192,193,573
192,194,526
192,195,587
192,197,715
192,198,1267
192,199,625
193,195,369
193,196,673
193,197,663
194,195,210
194,197,683
195,196,54
195,198,659
195,199,245
196,197,283
198,199,883
