# All lines that begin with # are a comment
# Vertices: Index, SquareX, SquareY
Vertices
0,9,7
1,0,6
2,6,8
3,2,9
4,3,0
5,0,2
6,7,5
7,9,9
8,6,1
9,5,4
10,1,7
11,6,1
12,3,9
13,9,0
14,0,2
15,0,6
16,2,5
17,7,0
18,7,2
19,7,1
20,1,7
21,4,9
22,5,9
23,6,9
24,6,5
25,4,3
26,8,6
27,3,9
28,3,5
29,5,9
30,8,1
31,7,4
32,6,5
33,0,5
34,7,3
35,5,9
36,6,9
37,5,1
38,2,8
39,8,9
40,2,3
41,1,3
42,9,9
43,4,3
44,1,7
45,0,8
46,0,2
47,8,4
48,8,8
49,9,4
50,0,7
51,6,6
52,3,3
53,2,6
54,0,6
55,4,3
56,0,3
57,7,0
58,6,3
59,1,5
60,2,6
61,9,8
62,6,8
63,5,5
64,0,2
65,5,0
66,3,0
67,7,1
68,0,5
69,2,2
70,4,2
71,3,3
72,5,5
73,8,8
74,0,4
75,2,1
76,6,8
77,0,3
78,5,6
79,9,7
80,2,5
81,0,5
82,0,2
83,2,7
84,9,1
85,4,6
86,1,9
87,1,7
88,8,7
89,4,6
90,1,2
91,7,4
92,7,5
93,0,0
94,6,8
95,1,7
96,6,4
97,6,1
98,9,4
99,7,7
100,1,5
101,0,7
102,5,0
103,7,4
104,6,3
105,1,6
106,3,8
107,9,6
108,1,7
109,3,9
110,7,7
111,1,3
112,6,1
113,8,8
114,2,9
115,2,4
116,7,5
117,1,6
118,4,3
119,1,2
120,6,4
121,6,6
122,4,2
123,7,1
124,5,6
125,2,0
126,8,6
127,0,6
128,5,1
129,9,0
130,6,0
131,3,3
132,5,5
133,8,4
134,4,1
135,1,0
136,4,4
137,3,7
138,1,4
139,9,5
140,2,9
141,5,6
142,9,6
143,5,7
144,9,4
145,7,8
146,0,4
147,0,7
148,3,6
149,9,3
150,4,2
151,7,8
152,3,5
153,0,7
154,0,3
155,5,7
156,2,2
157,8,9
158,4,2
159,5,0
160,8,2
161,6,4
162,2,2
163,0,3
164,0,8
165,2,4
166,4,9
167,2,3
168,3,7
169,4,0
170,8,3
171,8,9
172,2,7
173,8,8
174,5,8
175,7,4
176,4,7
177,4,7
178,4,4
179,7,0
180,2,0
181,8,4
182,6,5
183,1,9
184,0,1
185,2,2
186,1,3
187,9,9
188,4,5
189,2,0
190,0,0
191,3,3
192,0,4
193,6,9
194,5,9
195,3,9
196,5,1
197,6,2
198,9,0
199,4,1
# Edges: fromIndex, toIndex, edgeCost
Edges
0,6,3679
0,7,3624
0,8,7231
0,9,5018
0,10,8794
0,12,10347
0,15,11579
0,17,10406
0,21,7307
0,22,5832
0,24,5352
0,26,2593
0,32,4870
0,36,4733
0,43,8002
0,44,10109
0,46,14623
0,54,10907
0,56,10542
0,60,8244
0,61,1522
0,69,11280
0,70,8809
0,71,11249
0,72,6929
0,73,1991
0,75,10310
0,77,11101
0,78,5852
0,79,897
0,84,6145
0,88,1562
0,89,5763
0,92,4498
0,99,3021
0,100,9248
0,101,14150
0,105,8413
0,107,1225
0,112,9300
0,115,8576
0,119,11453
0,125,11116
0,140,8685
0,141,6318
0,142,1161
0,144,2990
0,146,12301
0,147,11073
0,152,9933
0,154,13210
0,157,2721
0,162,11364
0,166,7543
0,168,8235
0,170,4829
0,172,11534
0,173,2217
0,177,5448
0,181,3237
0,188,8666
0,190,12301
0,194,7043
1,9,6291
1,12,4792
1,15,1001
1,17,9943
1,18,11982
1,20,2037
1,24,5558
1,26,9215
1,33,726
1,34,6971
1,36,8577
1,38,4556
1,41,4170
1,44,1979
1,45,3177
1,48,10945
1,52,3385
1,53,2078
1,54,1642
1,60,1492
1,66,6512
1,69,3745
1,70,6529
1,71,4478
1,73,11900
1,75,5322
1,77,2932
1,78,4854
1,85,4785
1,87,1978
1,90,3416
1,91,10992
1,96,5943
1,100,1295
1,102,8876
1,105,877
1,109,4889
1,115,3022
1,116,6961
1,117,1100
1,121,5677
1,122,8841
1,126,9138
1,128,6645
1,131,6095
1,134,7403
1,138,1669
1,140,5301
1,143,4768
1,148,2992
1,155,7673
1,156,4251
1,158,5256
1,162,5510
1,165,2805
1,167,3857
1,169,7347
1,171,12395
1,172,2631
1,175,9810
1,178,6009
1,182,7872
1,184,5317
1,185,5757
1,186,3174
1,190,5747
1,191,5051
1,193,9884
1,196,9463
1,198,12552
2,10,5226
2,11,7778
2,13,10461
2,17,9635
2,23,1322
2,26,3361
2,34,5755
2,35,1618
2,38,4066
2,43,6893
2,50,7436
2,55,5235
2,59,6172
2,61,3738
2,70,7546
2,79,3541
2,80,5732
2,81,7788
2,89,3482
2,91,4662
2,95,5719
2,96,3733
2,99,2114
2,101,6687
2,105,5210
2,107,4978
2,108,5176
2,112,9372
2,114,3628
2,117,5255
2,118,7671
2,123,6988
2,125,9835
2,126,4098
2,129,10937
2,138,8470
2,141,2512
2,147,6795
2,151,1577
2,152,4765
2,154,8517
2,155,1315
2,156,9133
2,161,4290
2,162,8871
2,166,1765
2,168,4561
2,170,7960
2,172,6176
2,175,4301
2,178,6267
2,179,10078
2,182,3937
2,190,10744
2,191,5518
2,195,4539
2,196,7746
2,197,6563
3,6,6784
3,8,12518
3,13,12986
3,14,9943
3,15,6239
3,17,12681
3,18,8653
3,23,5329
3,24,6549
3,25,8136
3,28,5983
3,30,11955
3,33,4609
3,35,3265
3,36,4716
3,40,7180
3,42,6610
3,43,6673
3,52,6485
3,53,3750
3,60,3102
3,63,5295
3,65,15186
3,68,4518
3,71,5944
3,75,8315
3,79,7255
3,82,10382
3,83,1850
3,84,10914
3,87,3339
3,93,12251
3,94,3921
3,95,2382
3,99,6851
3,102,9889
3,108,3567
3,110,6528
3,111,7770
3,114,268
3,120,8515
3,129,14785
3,133,9974
3,135,10287
3,137,3488
3,148,3550
3,150,8269
3,152,6109
3,153,2933
3,159,12057
3,160,11980
3,162,8728
3,163,6599
3,164,2525
3,165,4854
3,171,5507
3,173,7336
3,174,3749
3,175,9109
3,176,3461
3,178,7379
3,182,5529
3,192,5326
3,193,4471
4,9,5296
4,15,7076
4,17,5114
4,18,5829
4,26,10536
4,28,7029
4,34,5885
4,36,13422
4,40,4513
4,43,5030
4,45,8948
4,47,6057
4,48,10595
4,50,8422
4,53,7154
4,54,7235
4,60,7562
4,62,11192
4,70,3132
4,72,6562
4,76,12144
4,77,4289
4,79,13646
4,80,6679
4,82,3858
4,86,9294
4,87,10729
4,94,11579
4,95,7543
4,96,6720
4,102,3155
4,106,11646
4,112,3165
4,119,2377
4,121,6998
4,124,7016
4,125,1410
4,130,5092
4,142,9583
4,143,7698
4,144,7583
4,145,10195
4,149,6684
4,150,2606
4,151,9623
4,152,4911
4,155,10086
4,156,2601
4,158,2856
4,161,4534
4,163,4126
4,165,4557
4,166,8985
4,171,11076
4,172,8338
4,174,11550
4,184,3415
4,185,2985
4,189,1086
4,190,3864
4,191,5113
4,192,5837
4,193,14004
4,194,13211
4,195,10661
5,6,11514
5,8,8139
5,9,6580
5,14,252
5,16,4440
5,21,9055
5,24,6891
5,27,12462
5,30,10265
5,33,3436
5,34,7609
5,36,13180
5,43,5609
5,44,6557
5,46,170
5,52,4189
5,54,5552
5,57,8500
5,58,7207
5,61,13373
5,65,7364
5,74,2143
5,76,9151
5,77,1094
5,78,7096
5,79,11029
5,80,5119
5,86,7282
5,90,1811
5,94,8786
5,98,15187
5,99,10464
5,101,5818
5,104,7914
5,106,6854
5,107,10057
5,109,11624
5,111,2522
5,113,13090
5,114,8016
5,117,6436
5,120,8593
5,121,8840
5,124,9820
5,127,5179
5,135,2512
5,139,11105
5,144,12393
5,148,5598
5,151,10037
5,152,5957
5,153,8142
5,154,1268
5,159,6381
5,161,6679
5,168,6151
5,171,11299
5,175,10402
5,182,7281
5,184,1125
5,185,4114
5,186,2713
5,188,5794
5,195,12517
5,197,7289
5,199,5403
6,7,4357
6,8,5579
6,10,9351
6,11,4130
6,13,7486
6,14,10807
6,15,7435
6,17,6914
6,23,5356
6,31,1254
6,37,4788
6,43,4000
6,44,5545
6,45,9174
6,50,8180
6,58,2855
6,62,3339
6,64,7377
6,73,3904
6,77,7148
6,78,2691
6,79,4414
6,80,5431
6,82,8203
6,88,2230
6,91,1302
6,94,2821
6,95,9463
6,96,1553
6,102,6700
6,104,3080
6,106,5650
6,109,8054
6,112,5219
6,114,6116
6,116,234
6,119,6730
6,121,1476
6,122,4834
6,127,9867
6,128,4829
6,132,2694
6,134,7028
6,136,3822
6,137,4220
6,142,3247
6,143,2993
6,155,3887
6,156,6016
6,161,2111
6,162,6148
6,163,8565
6,165,4526
6,167,7209
6,168,4749
6,182,1325
6,186,8839
6,188,3273
6,189,7134
6,192,7325
6,193,4721
6,198,6790
7,12,8399
7,15,10028
7,16,8875
7,20,8793
7,22,4515
7,23,3755
7,25,11979
7,28,8175
7,33,12159
7,34,7175
7,36,4057
7,49,5396
7,51,4673
7,52,10792
7,53,7539
7,60,9736
7,65,13065
7,66,15042
7,67,8771
7,75,16002
7,76,3491
7,79,2735
7,80,8750
7,81,11338
7,82,11645
7,83,7168
7,88,3183
7,91,4959
7,92,4445
7,96,6774
7,100,9028
7,103,5824
7,104,7366
7,110,2789
7,112,10220
7,113,793
7,114,9037
7,115,9781
7,116,5847
7,117,10524
7,118,10583
7,119,10820
7,121,5488
7,126,3088
7,129,11121
7,132,8178
7,139,6008
7,142,3626
7,143,4600
7,151,2138
7,152,9499
7,154,14208
7,159,11380
7,163,10602
7,167,13714
7,171,1269
7,182,6528
7,183,8583
7,190,16323
7,193,2641
7,194,3559
8,9,2720
8,10,11796
8,12,8937
8,14,7928
8,16,6216
8,17,2179
8,18,1985
8,19,1797
8,22,8440
8,25,3982
8,26,5227
8,28,5826
8,32,5041
8,35,8296
8,40,4115
8,44,8281
8,48,8388
8,51,7199
8,52,4336
8,56,6644
8,57,2379
8,60,8890
8,80,7830
8,86,9143
8,88,7086
8,89,6340
8,90,5251
8,92,6171
8,94,9619
8,102,1736
8,106,10112
8,107,9011
8,108,7481
8,109,9603
8,111,6706
8,113,8326
8,115,6455
8,117,8793
8,118,3110
8,121,6358
8,122,2042
8,123,1628
8,131,3546
8,145,10531
8,147,11551
8,150,2928
8,152,4990
8,154,6251
8,155,7390
8,159,721
8,163,5862
8,168,6355
8,172,7379
8,173,7804
8,176,6572
8,178,4274
8,179,1538
8,180,5868
8,186,5925
8,188,6504
8,189,4871
8,190,6732
8,195,10520
8,197,1393
8,199,2929
9,10,6235
9,11,2479
9,14,8231
9,18,3796
9,27,5876
9,28,4097
9,29,5328
9,32,2189
9,37,3302
9,40,3473
9,45,6480
9,46,8139
9,47,2716
9,48,8048
9,50,7803
9,55,1706
9,57,5796
9,58,1843
9,68,6240
9,72,1039
9,74,6043
9,76,5214
9,77,6648
9,82,6251
9,83,6684
9,84,5949
9,86,8543
9,87,6394
9,89,2171
9,90,4868
9,98,4475
9,100,4465
9,106,6232
9,117,5480
9,124,3556
9,126,4283
9,128,2576
9,129,7362
9,131,2290
9,138,4763
9,140,7312
9,142,6096
9,143,3876
9,145,6613
9,148,5476
9,150,2249
9,152,3209
9,153,7058
9,154,5374
9,167,4299
9,170,2459
9,173,6457
9,177,4739
9,179,4433
9,181,2266
9,182,915
9,185,3838
9,186,5486
9,189,5288
9,192,7085
9,195,6319
9,198,7706
9,199,3025
10,11,8099
10,13,11197
10,21,4453
10,22,5685
10,23,7018
10,31,7705
10,34,8483
10,38,2051
10,42,8452
10,43,6614
10,44,896
10,49,9202
10,53,1912
10,58,7502
10,65,11717
10,69,6386
10,74,4021
10,79,9893
10,81,3492
10,85,4153
10,94,6006
10,105,2532
10,108,602
10,112,11313
10,114,2009
10,115,4289
10,116,8106
10,118,5856
10,125,8258
10,128,7473
10,130,12410
10,135,7544
10,143,4514
10,145,7819
10,147,608
10,148,2645
10,151,7342
10,154,5357
10,156,5835
10,162,8184
10,166,5190
10,167,5761
10,177,4510
10,197,7241
10,198,12478
11,15,9664
11,22,8317
11,37,950
11,38,9504
11,43,2503
11,44,7070
11,46,6882
11,54,9647
11,56,8153
11,62,8315
11,66,3431
11,70,1547
11,81,7049
11,83,7480
11,85,7071
11,86,9118
11,91,4770
11,92,4234
11,94,7048
11,97,272
11,99,7980
11,100,5792
11,104,1437
11,112,1236
11,117,9329
11,118,2591
11,141,5284
11,146,8168
11,148,6155
11,154,5874
11,156,4112
11,157,7674
11,159,1522
11,163,7939
11,170,2824
11,171,8347
11,173,7332
11,177,8089
11,178,3400
11,179,1770
11,180,5316
11,182,3717
11,184,6271
11,185,3719
11,186,5811
11,190,7904
11,192,6763
11,194,8257
11,195,12148
12,13,15001
12,26,6978
12,29,3271
12,31,6920
12,33,6412
12,34,8525
12,38,1256
12,47,11575
12,48,7094
12,49,9792
12,57,13369
12,59,5117
12,62,3501
12,64,7608
12,68,5146
12,80,4921
12,86,1633
12,89,4295
12,95,3833
12,96,7751
12,100,6015
12,106,1763
12,107,6665
12,108,3737
12,114,553
12,116,7866
12,117,4149
12,125,12523
12,136,7691
12,139,9935
12,141,5553
12,144,12274
12,148,4014
12,149,10315
12,151,4773
12,158,8062
12,162,7551
12,163,7811
12,164,2669
12,166,2417
12,170,10998
12,173,6488
12,175,7490
12,176,2443
12,177,3137
12,180,12680
12,181,11050
12,182,7566
12,183,2865
12,185,8333
12,186,9291
12,194,3052
13,17,3535
13,22,12577
13,23,11806
13,27,14532
13,32,7935
13,41,12304
13,44,10178
13,46,9744
13,47,5126
13,51,9288
13,53,12751
13,59,9941
13,60,10910
13,62,9762
13,66,6610
13,73,9500
13,74,14520
13,77,13665
13,78,7584
13,82,12931
13,86,16597
13,90,10857
13,95,11776
13,96,7026
13,97,3928
13,99,6520
13,107,8628
13,108,13616
13,111,9455
13,114,14030
13,115,11860
13,122,5041
13,125,8769
13,127,10488
13,134,7737
13,136,7097
13,142,5969
13,144,4494
13,145,10019
13,147,15040
13,150,7966
13,151,12020
13,153,17245
13,155,11567
13,160,1892
13,166,14328
13,168,11298
13,173,8849
13,177,8160
13,183,17676
13,186,10501
13,192,10296
13,197,4335
14,16,4186
14,17,8035
14,20,6949
14,25,4045
14,30,8905
14,33,3394
14,34,6917
14,36,9564
14,38,7314
14,42,12430
14,46,209
14,47,12745
14,56,1164
14,57,9028
14,58,7904
14,60,6227
14,63,6516
14,64,505
14,69,1931
14,70,5280
14,74,2838
14,78,6981
14,80,4461
14,82,665
14,84,10694
14,86,7209
14,90,1357
14,93,2427
14,99,9113
14,101,7705
14,104,6420
14,110,10538
14,115,3542
14,117,4609
14,122,6445
14,128,8155
14,131,4198
14,132,7341
14,133,9278
14,139,13236
14,140,8573
14,141,8119
14,144,11570
14,148,6422
14,149,9246
14,157,11723
14,162,2025
14,164,8891
14,166,12235
14,173,12424
14,175,10549
14,177,7569
14,179,7844
14,187,11415
14,188,6579
14,191,4996
15,19,11907
15,21,7388
15,27,4904
15,29,9281
15,33,1189
15,34,9007
15,38,3795
15,42,10274
15,43,7460
15,44,2159
15,46,5761
15,51,7477
15,53,3890
15,58,11685
15,60,2337
15,69,5823
15,70,6510
15,72,5870
15,76,8038
15,77,3683
15,78,5936
15,85,6306
15,87,1971
15,88,12093
15,93,6777
15,95,1838
15,100,2558
15,102,11714
15,105,2135
15,106,4459
15,107,13176
15,109,6675
15,111,3761
15,112,8428
15,114,4148
15,116,8604
15,117,2192
15,123,10715
15,125,7808
15,128,8907
15,131,7557
15,136,5529
15,137,5174
15,145,7819
15,146,2329
15,151,8956
15,153,1763
15,154,3920
15,157,12490
15,159,11578
15,166,6790
15,169,10133
15,170,8648
15,172,3638
15,174,7407
15,175,9009
15,176,7140
15,177,5101
15,181,8691
15,182,8426
15,184,6055
15,186,3298
15,188,5634
15,189,6208
15,195,4680
15,198,14116
16,17,7740
16,18,6559
16,21,6353
16,22,5367
16,23,7303
16,27,5399
16,32,4153
16,38,3654
16,41,3479
16,42,7822
16,43,3484
16,44,2198
16,45,3637
16,51,4483
16,52,2474
16,57,9667
16,61,10280
16,63,3494
16,66,6904
16,69,3251
16,72,3047
16,74,3569
16,77,3433
16,81,3502
16,82,4853
16,83,2980
16,84,8407
16,86,4458
16,94,5606
16,95,2421
16,96,4398
16,100,1366
16,105,1711
16,111,2225
16,113,8684
16,115,1433
16,121,3728
16,126,7447
16,133,8536
16,135,6396
16,139,7430
16,140,3976
16,141,2975
16,143,3062
16,144,8197
16,152,996
16,154,5098
16,156,3390
16,157,7783
16,162,4068
16,164,4210
16,168,1893
16,169,7306
16,170,6515
16,171,6927
16,173,6077
16,178,2387
16,181,6366
16,184,5390
16,185,3793
16,195,5433
16,198,9540
17,18,3105
17,22,9930
17,27,10690
17,29,10941
17,30,1891
17,44,8864
17,52,7161
17,55,4186
17,65,1504
17,67,1491
17,71,5914
17,80,9323
17,81,10690
17,83,9469
17,92,7814
17,93,9363
17,95,13070
17,98,6668
17,101,15075
17,103,4852
17,108,9634
17,112,1359
17,121,8798
17,123,1563
17,125,6649
17,127,8946
17,128,2536
17,129,2545
17,136,6388
17,137,9512
17,138,8499
17,146,8809
17,148,9966
17,150,4884
17,151,9359
17,167,6088
17,168,12087
17,170,3703
17,171,10462
17,175,4347
17,177,10290
17,179,712
17,184,7652
17,188,9623
17,190,8707
17,191,6282
17,192,8654
17,195,13931
18,23,8144
18,26,4240
18,28,5371
18,29,7783
18,30,1128
18,35,10346
18,39,7780
18,46,7611
18,47,1952
18,53,9560
18,54,11536
18,59,9591
18,61,6268
18,62,6262
18,63,3375
18,68,8991
18,69,6399
18,70,4323
18,71,6099
18,75,6662
18,77,10507
18,78,5275
18,82,7934
18,84,3476
18,85,8439
18,86,10522
18,93,10223
18,94,5924
18,95,10356
18,99,4590
18,108,9343
18,109,12341
18,111,6778
18,118,4829
18,124,5663
18,125,5723
18,130,2403
18,133,2223
18,142,4788
18,145,6454
18,146,8655
18,149,1869
18,157,6838
18,158,4309
18,163,7293
18,167,8689
18,171,7306
18,176,9301
18,178,4663
18,188,5687
18,190,11040
18,192,10142
18,194,7583
19,29,11322
19,32,5439
19,33,9593
19,34,2132
19,35,10979
19,36,10551
19,37,2684
19,39,11138
19,40,8086
19,42,12218
19,46,8121
19,48,7532
19,52,6720
19,59,7888
19,65,3115
19,71,4971
19,73,9386
19,75,6988
19,81,10183
19,85,6828
19,87,10561
19,89,7865
19,90,8863
19,96,4560
19,98,5606
19,99,6565
19,105,10759
19,108,9401
19,112,1501
19,113,7593
19,118,4028
19,120,3818
19,121,5992
19,123,286
19,128,2347
19,129,2687
19,131,5144
19,137,8276
19,143,7613
19,145,7859
19,159,1878
19,160,1134
19,161,2744
19,164,15131
19,166,7900
19,173,7855
19,174,8335
19,176,8835
19,180,6310
19,188,6527
19,191,5603
19,193,9728
19,194,8646
19,197,1793
20,21,4572
20,33,3183
20,34,10339
20,35,7481
20,36,5265
20,43,8274
20,45,532
20,49,12775
20,50,1318
20,55,7804
20,56,5138
20,57,10125
20,60,1553
20,62,4971
20,68,2262
20,71,4682
20,76,6843
20,79,9834
20,80,3072
20,86,2133
20,87,484
20,89,4207
20,97,9928
20,103,8936
20,104,8520
20,105,1775
20,106,2334
20,107,11831
20,109,3342
20,110,9732
20,113,9825
20,116,6699
20,122,8804
20,128,7852
20,130,13671
20,131,6019
20,135,9775
20,137,4146
20,138,3220
20,140,2230
20,142,8798
20,143,4458
20,146,5188
20,158,9117
20,163,5839
20,170,10083
20,173,8534
20,174,5001
20,175,7529
20,178,7058
20,179,12393
20,182,7886
20,186,5114
20,188,4053
20,190,8447
20,192,4018
20,195,4254
20,196,10996
20,199,9316
21,23,2433
21,24,5205
21,25,9079
21,31,6805
21,35,1170
21,37,12775
21,41,11013
21,42,5399
21,43,9174
21,48,4873
21,49,10485
21,50,5124
21,53,4850
21,54,7659
21,58,9366
21,62,2261
21,64,10972
21,66,9540
21,67,12702
21,69,11028
21,70,7756
21,77,8761
21,79,5300
21,80,5819
21,81,9052
21,83,4171
21,86,3146
21,88,5270
21,89,5645
21,90,7996
21,91,6557
21,94,2705
21,96,6597
21,100,6458
21,107,8060
21,115,6487
21,116,5608
21,117,6405
21,118,6968
21,120,5563
21,127,7376
21,132,5773
21,133,10167
21,134,12255
21,136,7255
21,137,4153
21,138,6394
21,142,6368
21,144,7447
21,146,7440
21,147,4580
21,151,3650
21,152,5411
21,156,7982
21,158,7199
21,161,7340
21,163,8404
21,169,10849
21,172,4748
21,176,3071
21,177,3263
21,179,11659
21,180,9427
21,183,3698
21,189,9976
21,190,14063
21,192,6865
21,193,2594
21,195,1751
22,23,2093
22,24,5292
22,25,6460
22,27,1743
22,38,3933
22,40,7701
22,42,4772
22,48,3702
22,52,6719
22,59,6872
22,63,6704
22,66,9542
22,67,10236
22,71,7992
22,72,5993
22,78,4048
22,80,7194
22,88,4309
22,90,9175
22,91,8380
22,92,5726
22,101,6887
22,103,8793
22,105,6447
22,106,3106
22,116,4817
22,131,8554
22,147,4736
22,152,5205
22,159,8962
22,161,7128
22,162,8641
22,163,7942
22,164,7088
22,166,679
22,169,9588
22,172,4598
22,173,3910
22,174,1519
22,176,2426
22,179,10961
22,180,9670
22,183,4029
22,189,13910
22,191,6443
22,192,9372
22,194,560
22,197,7008
22,198,10167
23,27,3618
23,29,1416
23,32,4000
23,33,9794
23,35,851
23,46,10689
23,51,2920
23,52,7869
23,53,7346
23,55,9837
23,61,3213
23,69,8200
23,70,8387
23,73,3877
23,74,11650
23,85,4191
23,88,3447
23,91,5873
23,93,15664
23,95,5927
23,96,6150
23,99,2766
23,100,8525
23,106,4689
23,122,10947
23,123,11021
23,124,3541
23,129,10788
23,136,7763
23,137,5387
23,140,4278
23,141,4450
23,147,8662
23,148,6451
23,151,1318
23,152,7145
23,155,2894
23,162,12418
23,163,11840
23,165,7694
23,170,7408
23,171,1639
23,175,6661
23,176,2643
23,180,11358
23,182,4699
23,186,10734
23,188,5309
23,189,14086
23,191,9803
23,194,1488
23,199,8167
24,29,4748
24,34,2069
24,40,3869
24,42,8165
24,44,5663
24,45,7094
24,51,2635
24,54,8968
24,58,2743
24,60,4781
24,63,682
24,64,6143
24,65,4836
24,67,4393
24,78,2237
24,80,4228
24,81,8641
24,86,8048
24,88,3490
24,89,1953
24,91,2405
24,92,1769
24,93,9616
24,95,5988
24,96,432
24,97,3398
24,98,5246
24,103,2360
24,108,5215
24,115,4925
24,116,1814
24,120,410
24,122,4608
24,126,3869
24,127,7226
24,129,6991
24,132,1930
24,133,2655
24,134,5233
24,136,1579
24,138,5620
24,147,6098
24,151,4111
24,152,3707
24,153,7152
24,154,5997
24,159,4775
24,161,1011
24,162,5240
24,163,7893
24,167,4605
24,176,3371
24,178,2265
24,179,4861
24,181,2031
24,182,247
24,183,7015
24,185,4560
24,188,2229
24,191,4078
24,194,5499
25,27,8566
25,28,2433
25,31,4557
25,32,4477
25,35,6820
25,36,7098
25,40,1914
25,41,3901
25,43,1070
25,44,5980
25,45,7669
25,50,7524
25,63,2983
25,72,2741
25,73,8385
25,74,4561
25,79,8889
25,81,4473
25,87,5932
25,88,7458
25,91,5176
25,100,3921
25,102,4819
25,112,4286
25,113,7532
25,116,4009
25,117,5986
25,119,2976
25,120,2957
25,122,1828
25,124,4467
25,127,6516
25,128,2912
25,131,490
25,138,4115
25,140,6545
25,147,8430
25,148,4390
25,150,783
25,152,2386
25,154,4478
25,156,1984
25,158,784
25,160,4412
25,164,9167
25,165,2142
25,167,2319
25,168,4949
25,171,10062
25,173,8185
25,175,3888
25,176,4634
25,184,5127
25,187,7709
25,188,2978
25,193,8797
25,196,3485
25,197,3522
26,27,6806
26,32,2522
26,33,11763
26,38,7714
26,44,7871
26,48,3056
26,49,3056
26,52,7242
26,53,6298
26,56,13677
26,63,3247
26,65,7312
26,73,2602
26,76,3555
26,77,11450
26,92,1427
26,97,4823
26,105,8375
26,108,9800
26,109,6951
26,111,8291
26,113,2886
26,120,2772
26,123,5107
26,132,4424
26,135,13321
26,137,5791
26,146,9948
26,147,8183
26,148,7962
26,149,4108
26,150,5928
26,152,5820
26,155,4297
26,160,4329
26,161,3465
26,163,9715
26,165,8389
26,174,4394
26,176,4787
26,182,2869
26,183,9095
26,184,10854
26,189,8747
26,190,12411
26,191,7222
26,192,10254
26,199,6858
27,30,9491
27,31,7118
27,45,3119
27,46,10393
27,47,8798
27,48,5367
27,54,4687
27,58,7876
27,75,10742
27,79,7003
27,81,5499
27,83,3061
27,87,3791
27,97,12013
27,99,6053
27,100,6311
27,101,4404
27,105,5082
27,106,2070
27,109,777
27,111,9227
27,113,6052
27,116,5446
27,119,7979
27,128,9845
27,132,4933
27,142,8226
27,145,4562
27,153,4422
27,158,8373
27,161,8800
27,162,8788
27,167,8798
27,168,3519
27,170,11460
27,174,1958
27,179,9644
27,180,10775
27,181,7655
27,188,3750
27,190,10895
27,197,7333
27,198,14136
28,29,5144
28,37,5296
28,39,9294
28,43,2242
28,45,4720
28,46,5511
28,49,8503
28,52,2217
28,56,4566
28,62,6446
28,63,3017
28,64,3601
28,68,3076
28,70,3524
28,78,2576
28,82,4940
28,84,7735
28,85,2138
28,89,1976
28,95,3204
28,97,5336
28,98,9499
28,101,4507
28,103,6205
28,105,2704
28,106,4259
28,114,4136
28,117,2710
28,118,2177
28,119,4238
28,123,6523
28,130,7611
28,133,7861
28,136,2423
28,140,4872
28,146,3035
28,149,7478
28,154,4496
28,157,10067
28,158,3741
28,161,4826
28,164,4904
28,168,1902
28,170,5252
28,185,3009
28,189,4410
28,190,7135
28,191,1419
28,194,5635
28,197,4378
28,199,4887
29,32,5081
29,33,8824
29,36,907
29,37,10951
29,38,2956
29,47,8064
29,48,3622
29,51,3537
29,52,6863
29,58,8041
29,59,7104
29,60,4806
29,62,1562
29,65,10103
29,66,9244
29,69,8723
29,73,5027
29,76,1700
29,81,6879
29,82,8170
29,84,9279
29,96,5060
29,98,6576
29,99,3479
29,101,7112
29,104,9452
29,105,6034
29,106,2580
29,114,2596
29,115,6356
29,117,4713
29,122,7326
29,124,3849
29,126,4372
29,130,11625
29,131,8188
29,136,5031
29,142,7361
29,143,2251
29,152,5778
29,155,1713
29,156,8393
29,160,9751
29,166,589
29,170,8913
29,172,3988
29,173,3101
29,177,2632
29,178,5522
29,180,11203
29,186,8134
29,189,9942
29,191,6618
29,194,667
30,31,3894
30,35,12024
30,36,10050
30,37,3035
30,38,9993
30,46,8763
30,48,10520
30,56,11210
30,58,1996
30,64,8869
30,66,5628
30,74,7695
30,80,10033
30,81,8831
30,87,12616
30,89,5632
30,95,10369
30,96,4338
30,97,2499
30,101,10075
30,105,9765
30,106,11276
30,113,9045
30,116,4214
30,119,8175
30,122,4107
30,125,7808
30,126,5557
30,131,6911
30,134,4499
30,151,7963
30,156,6260
30,162,6706
30,172,12681
30,173,9329
30,177,9296
30,179,1723
30,180,7774
30,184,10186
30,188,8653
30,189,6504
30,194,8547
30,198,2376
30,199,5037
31,34,2121
31,37,5520
31,39,6937
31,43,3001
31,44,6860
31,45,11607
31,48,5749
31,49,1814
31,56,10286
31,62,4617
31,67,5151
31,69,6372
31,74,8070
31,75,6407
31,76,4365
31,78,3959
31,80,7155
31,81,7894
31,82,8945
31,83,6241
31,85,6114
31,86,9711
31,89,3717
31,97,4434
31,102,5149
31,105,8653
31,110,3402
31,113,5174
31,114,7074
31,122,3850
31,128,4991
31,131,4801
31,137,5788
31,140,7850
31,146,9668
31,147,7879
31,148,6232
31,149,3116
31,151,4129
31,154,9828
31,155,4002
31,163,8345
31,167,6528
31,168,7500
31,172,7624
31,175,531
31,176,5017
31,178,3468
31,182,2320
31,185,6763
31,186,8357
31,197,3056
31,199,6839
32,35,5428
32,37,4970
32,39,5522
32,40,5247
32,41,6704
32,45,7318
32,49,3959
32,50,8045
32,51,1432
32,54,8943
32,57,6762
32,58,3052
32,71,4983
32,78,2888
32,79,3604
32,81,6535
32,86,8935
32,92,727
32,93,10580
32,97,4452
32,100,5853
32,103,2827
32,109,6674
32,117,5451
32,119,8350
32,123,4289
32,134,6017
32,144,3649
32,147,6489
32,150,4580
32,158,5046
32,160,4141
32,173,3183
32,175,2042
32,176,3468
32,180,7662
32,183,6924
32,187,4565
32,188,3959
32,192,7648
33,37,7460
33,42,10542
33,43,6056
33,50,3333
33,52,3326
33,56,2446
33,57,8650
33,58,8647
33,62,8149
33,64,3213
33,65,10591
33,72,7527
33,73,11587
33,75,5175
33,82,4105
33,84,10238
33,86,4717
33,88,10296
33,89,4669
33,90,3732
33,98,9247
33,103,11104
33,107,9999
33,113,10634
33,116,7213
33,118,5933
33,119,5184
33,125,6643
33,126,11784
33,127,799
33,129,12060
33,133,12161
33,135,7742
33,136,6301
33,138,1482
33,141,4949
33,142,13459
33,144,9377
33,151,8720
33,155,7989
33,156,3768
33,159,8743
33,163,1771
33,166,6897
33,168,4023
33,171,11289
33,172,2804
33,175,7913
33,180,5133
33,185,3654
33,186,2487
33,193,8391
33,199,5196
34,40,4891
34,43,2240
34,46,8316
34,54,11255
34,57,3946
34,59,6793
34,60,8865
34,62,7855
34,66,5191
34,67,2474
34,71,5807
34,72,3056
34,78,4468
34,89,3667
34,95,8354
34,97,2093
34,100,7088
34,103,1151
34,115,5561
34,116,3635
34,118,3175
34,124,4454
34,131,4832
34,133,2056
34,138,6303
34,139,3562
34,145,6193
34,150,3733
34,151,5629
34,153,11598
34,156,4705
34,163,7220
34,167,6141
34,169,4376
34,178,3060
34,179,2411
34,184,7757
34,187,6410
34,190,9522
34,191,5186
34,194,7266
34,196,2590
35,43,6010
35,44,6228
35,45,7180
35,47,8838
35,57,9401
35,58,6975
35,61,4252
35,63,5602
35,64,13103
35,73,5038
35,75,11865
35,80,8836
35,81,7265
35,88,5265
35,90,8511
35,91,7357
35,93,15434
35,96,6366
35,98,6697
35,106,3514
35,112,9114
35,116,5023
35,121,3751
35,122,8154
35,123,9306
35,127,6552
35,130,10697
35,132,6121
35,138,9259
35,139,6226
35,141,3152
35,146,8533
35,150,9499
35,153,6417
35,161,7201
35,168,3911
35,170,9308
35,172,4087
35,176,2935
35,178,7562
35,180,9692
35,184,12081
35,185,9964
35,187,4558
35,190,14799
35,194,174
35,195,2531
35,196,11339
35,197,9367
36,42,4532
36,44,4825
36,45,6063
36,56,12393
36,58,6127
36,68,6223
36,72,4361
36,73,3497
36,75,11408
36,79,3745
36,83,4688
36,84,8691
36,90,11910
36,91,7213
36,92,3896
36,95,6475
36,97,10941
36,100,6388
36,110,2272
36,112,9244
36,117,6712
36,121,2975
36,122,9249
36,125,12997
36,127,6610
36,128,8306
36,129,13327
36,137,3777
36,139,5083
36,142,6571
36,145,1389
36,146,8435
36,147,5601
36,152,5711
36,159,11464
36,163,8137
36,167,7946
36,171,2168
36,180,10374
36,182,4076
36,187,4191
36,194,846
36,196,8986
36,199,8403
37,42,13780
37,43,2662
37,44,8337
37,46,7073
37,49,4722
37,53,8625
37,55,2658
37,60,6768
37,65,1318
37,66,2954
37,68,6492
37,72,4955
37,74,6590
37,75,3612
37,76,9287
37,84,5431
37,86,9709
37,90,4872
37,98,5532
37,102,1410
37,105,9651
37,107,8488
37,112,977
37,118,2884
37,122,1085
37,123,2319
37,124,7958
37,129,4121
37,131,3540
37,133,4193
37,136,3503
37,137,7139
37,141,7867
37,145,8686
37,149,4653
37,156,4946
37,160,2955
37,167,4038
37,168,6232
37,169,1571
37,170,4566
37,171,9031
37,177,6654
37,179,1927
37,181,5869
37,183,10118
37,188,6374
37,189,3318
37,197,1682
37,199,1769
38,53,2283
38,54,3375
38,57,10099
38,59,4137
38,61,8330
38,64,8167
38,65,9974
38,68,4850
38,75,7708
38,76,4453
38,82,6661
38,84,10732
38,93,9660
38,99,8673
38,100,4532
38,111,5311
38,113,6791
38,114,549
38,119,9341
38,120,8626
38,125,12103
38,137,3601
38,139,8431
38,146,5602
38,148,3104
38,154,6684
38,160,11360
38,165,4364
38,166,2938
38,167,6645
38,170,12048
38,171,7734
38,172,1204
38,176,3744
38,177,3931
38,178,5282
38,179,9529
38,180,8295
38,183,1275
38,184,8311
38,187,8881
38,188,4796
38,190,8715
38,191,6732
38,192,5705
38,195,1697
38,196,11095
38,197,7643
38,199,7742
39,43,9618
39,46,12852
39,55,7577
39,64,11474
39,66,10414
39,68,9010
39,72,7838
39,80,8982
39,82,16086
39,83,6733
39,84,9691
39,89,5303
39,90,13992
39,91,6156
39,97,8865
39,98,5065
39,99,3917
39,100,10869
39,101,13290
39,105,11777
39,111,13533
39,112,13403
39,114,6706
39,115,11877
39,124,5717
39,127,11395
39,128,12562
39,130,11716
39,135,11734
39,136,8391
39,137,5931
39,139,4624
39,145,3014
39,147,8759
39,154,11631
39,155,4189
39,159,10076
39,160,9641
39,161,6051
39,163,15071
39,169,12516
39,172,8739
39,174,4186
39,176,5453
39,178,8987
39,179,12816
39,180,12766
39,182,6897
39,184,14820
39,186,12036
39,190,12502
39,191,9797
39,192,10365
39,193,2728
40,42,11588
40,43,2728
40,45,6038
40,46,3378
40,49,8871
40,56,3227
40,61,8542
40,64,3077
40,65,6294
40,68,4110
40,69,1447
40,77,2914
40,79,11678
40,81,3853
40,82,3398
40,92,6156
40,101,4956
40,103,5093
40,106,5696
40,111,1883
40,113,8789
40,114,5960
40,115,1124
40,121,5149
40,125,5014
40,126,10484
40,130,4947
40,131,1420
40,135,3527
40,140,6159
40,144,7253
40,145,7793
40,147,5719
40,148,3938
40,162,2187
40,163,1831
40,165,1380
40,169,5234
40,171,11839
40,173,7210
40,174,8398
40,175,5776
40,177,6049
40,182,5044
40,184,3025
40,189,3137
40,191,768
40,192,3381
40,194,8851
41,45,6970
41,46,1565
41,54,4154
41,55,4725
41,64,642
41,68,3104
41,69,1251
41,71,3199
41,74,1600
41,78,8412
41,81,3293
41,84,12316
41,85,7146
41,88,13056
41,90,816
41,95,5159
41,96,6804
41,97,7128
41,103,6810
41,109,10671
41,110,11186
41,118,4925
41,127,4630
41,130,9500
41,131,3135
41,132,6866
41,146,1736
41,148,6480
41,150,4825
41,155,7596
41,156,2014
41,158,3870
41,164,7881
41,169,6829
41,171,14411
41,174,8556
41,176,8862
41,179,9444
41,184,1246
41,185,2853
41,191,2573
41,195,10796
41,198,11456
41,199,4006
42,43,7708
42,47,7710
42,52,13595
42,57,9476
42,60,11523
42,61,2546
42,63,7306
42,64,12814
42,70,12284
42,72,6896
42,80,12272
42,83,8507
42,86,7540
42,87,9161
42,89,5970
42,91,7623
42,94,4917
42,95,8375
42,97,8655
42,102,14121
42,104,11222
42,105,11147
42,107,4069
42,108,9732
42,113,1463
42,115,11185
42,117,10740
42,119,13122
42,120,6073
42,124,7228
42,127,9971
42,129,12544
42,131,12789
42,132,9085
42,136,9028
42,137,8391
42,138,13477
42,140,7051
42,141,6441
42,144,5651
42,145,3387
42,149,9380
42,161,7749
42,163,11128
42,166,4752
42,168,9468
42,176,5175
42,177,7811
42,178,7572
42,187,1251
42,190,13544
42,191,12844
42,196,11180
43,48,6624
43,49,5242
43,50,8003
43,51,4076
43,52,2489
43,58,2130
43,68,4656
43,71,2086
43,73,7854
43,77,4704
43,83,6751
43,86,6700
43,91,4711
43,92,3400
43,95,5541
43,96,2100
43,100,4074
43,113,7247
43,120,2190
43,126,6914
43,131,1367
43,136,1500
43,138,4804
43,140,7588
43,144,6459
43,146,6802
43,147,7119
43,149,5120
43,151,7605
43,153,5742
43,162,4525
43,163,4059
43,165,2498
43,166,5372
43,167,3169
43,168,4336
43,170,3493
43,171,9034
43,172,7300
43,178,870
43,180,4566
43,182,1940
43,186,3618
43,190,5630
43,197,1842
43,199,3128
44,53,1008
44,54,2118
44,55,5073
44,56,5846
44,62,5892
44,65,12366
44,75,6733
44,76,5864
44,79,9775
44,81,2670
44,82,6249
44,85,2349
44,87,684
44,88,10051
44,93,7248
44,95,708
44,96,5880
44,102,12303
44,105,1280
44,116,5933
44,123,9678
44,126,8457
44,131,4755
44,134,6573
44,136,4411
44,137,2711
44,140,2269
44,141,3629
44,146,3518
44,148,1774
44,154,6763
44,155,3582
44,158,6224
44,164,1930
44,167,5151
44,177,3623
44,181,7124
44,183,3373
44,185,4808
44,188,2735
44,189,8373
44,190,7672
45,47,10945
45,58,8783
45,68,2624
45,69,6732
45,73,9176
45,74,4320
45,77,7513
45,80,3532
45,81,3662
45,89,5219
45,92,9883
45,93,7943
45,95,675
45,97,9594
45,98,11721
45,101,852
45,102,13400
45,103,11627
45,111,6654
45,113,8247
45,114,2052
45,117,1837
45,118,5842
45,125,11435
45,126,8757
45,136,6041
45,138,4506
45,139,10329
45,140,2595
45,143,4462
45,148,2800
45,153,775
45,160,11261
45,162,6090
45,164,570
45,167,6348
45,170,11138
45,172,1772
45,176,5381
45,177,3906
45,182,7046
45,184,7192
45,186,6990
45,187,9076
45,194,6613
45,195,3983
45,199,7438
46,47,9396
46,50,8230
46,51,11388
46,52,4544
46,54,5619
46,59,5473
46,65,6125
46,66,4679
46,69,2497
46,70,6180
46,71,3320
46,72,7589
46,73,11030
46,82,652
46,85,8413
46,89,6534
46,92,9525
46,97,6794
46,99,9422
46,100,4929
46,105,5122
46,108,5986
46,111,2797
46,113,11080
46,115,3049
46,116,11773
46,117,4508
46,119,1736
46,123,11333
46,125,3197
46,126,9756
46,137,6357
46,140,8698
46,146,3318
46,150,6294
46,154,1276
46,155,9680
46,160,8459
46,162,2197
46,170,7988
46,174,11301
46,178,5013
46,179,7667
46,185,2858
46,186,2274
46,187,14407
46,191,3713
46,198,12727
47,49,1306
47,52,6649
47,53,6452
47,55,4788
47,57,3829
47,58,2264
47,60,8294
47,63,4455
47,72,4658
47,74,8102
47,76,5713
47,82,12055
47,90,7616
47,94,6470
47,95,8541
47,97,4519
47,99,3215
47,100,8223
47,102,6544
47,109,10409
47,113,7367
47,115,6590
47,119,7124
47,121,4060
47,124,4162
47,127,9561
47,130,5260
47,141,3991
47,143,6509
47,145,4616
47,150,4266
47,154,11823
47,162,7523
47,164,9163
47,169,7798
47,170,1031
47,175,1165
47,179,3869
47,180,8006
47,185,6022
47,188,5094
47,197,2622
48,49,7165
48,53,8118
48,55,8478
48,58,6451
48,60,8415
48,68,11046
48,71,8196
48,72,4656
48,81,13388
48,84,10966
48,85,7521
48,90,13909
48,92,3568
48,93,14480
48,96,5802
48,97,7909
48,106,6965
48,107,2220
48,115,9171
48,124,4151
48,126,2339
48,128,8267
48,133,4573
48,139,3585
48,142,3216
48,148,5876
48,149,8685
48,150,7331
48,154,13846
48,156,10367
48,158,10041
48,161,5282
48,162,12961
48,163,10317
48,177,4717
48,183,9321
48,191,10877
48,192,11427
48,194,3389
48,199,11223
49,51,5835
49,54,12450
49,55,4818
49,62,7582
49,64,9011
49,65,6835
49,68,9326
49,71,6749
49,73,4173
49,74,8562
49,83,8869
49,86,11804
49,89,5827
49,92,2738
49,95,9561
49,96,4087
49,100,9120
49,101,11030
49,106,10295
49,108,8980
49,113,4806
49,116,3168
49,120,4053
49,124,7537
49,137,7582
49,142,2251
49,143,6428
49,145,5147
49,155,5625
49,158,6610
49,161,4426
49,164,11076
49,171,7318
49,173,4389
49,175,2162
49,177,5853
49,178,6692
49,179,4175
49,181,1851
49,182,4497
49,183,14102
49,185,7168
49,186,8595
49,187,5233
49,190,11940
49,197,4170
49,199,6785
50,53,3776
50,57,15400
50,59,2878
50,69,8176
50,73,11437
50,76,7089
50,78,6301
50,79,11454
50,80,3549
50,84,12720
50,85,4614
50,88,9304
50,89,5735
50,91,10024
50,93,10140
50,95,1664
50,97,12962
50,104,9285
50,108,1738
50,111,5945
50,118,8202
50,128,9905
50,129,13695
50,133,12170
50,134,8294
50,140,3551
50,142,9643
50,144,14146
50,145,6907
50,147,949
50,151,8920
50,155,5302
50,156,7214
50,162,8319
50,168,3690
50,174,5717
50,175,9599
50,177,4909
50,178,5729
50,181,11492
50,182,9106
50,187,9646
50,190,7464
50,191,5090
50,192,3049
50,197,8775
51,52,5953
51,53,5054
51,54,6400
51,57,9096
51,64,7113
51,66,8503
51,72,2002
51,74,6571
51,81,7663
51,82,8382
51,84,7652
51,88,2961
51,89,1897
51,92,2269
51,95,5144
51,97,5223
51,102,8105
51,103,3288
51,104,4271
51,106,4691
51,108,7039
51,111,8370
51,113,3802
51,116,1771
51,117,6674
51,122,7036
51,125,9289
51,127,8558
51,131,5449
51,139,4375
51,140,5148
51,141,1393
51,143,1276
51,146,6467
51,152,3876
51,153,5986
51,155,1268
51,158,5135
51,177,2544
51,178,4200
51,182,2081
51,187,4517
51,197,4434
51,199,5887
52,57,7079
52,61,7823
52,63,3609
52,64,3254
52,66,3054
52,69,1467
52,72,3719
52,79,8989
52,81,3392
52,87,6328
52,91,5137
52,96,5202
52,98,6994
52,99,8190
52,102,6278
52,106,5501
52,110,9627
52,111,1958
52,114,6707
52,118,1438
52,127,5186
52,132,4270
52,134,2524
52,136,3155
52,144,8320
52,146,3070
52,151,9551
52,160,5664
52,161,5025
52,162,1770
52,172,5609
52,173,10222
52,174,5685
52,176,5327
52,177,6184
52,179,7796
52,182,3645
52,186,1672
52,187,8556
52,188,3189
52,189,3038
52,192,2760
52,196,4871
52,198,10218
52,199,2250
53,57,8175
53,59,1597
53,60,623
53,76,4516
53,78,3747
53,81,2963
53,83,1082
53,86,2731
53,89,2430
53,90,4551
53,91,5662
53,95,2191
53,96,4307
53,99,5498
53,104,6383
53,106,1665
53,110,7059
53,115,2792
53,118,3706
53,119,5191
53,123,8301
53,125,9897
53,126,8803
53,129,13101
53,132,2803
53,134,7351
53,144,8691
53,145,5124
53,153,3123
53,156,4466
53,161,4546
53,162,6456
53,166,3270
53,178,3114
53,180,8448
53,182,5670
53,183,3102
53,187,7829
53,188,2540
53,191,2976
53,192,4012
53,193,5724
53,194,5783
53,196,9076
53,197,6726
54,55,6115
54,56,4676
54,61,13409
54,65,13053
54,69,4535
54,70,7240
54,79,10940
54,80,2994
54,82,4729
54,84,13951
54,88,8756
54,95,1938
54,97,11777
54,99,8640
54,100,3164
54,101,1237
54,109,5813
54,110,7899
54,113,9824
54,116,10277
54,118,5895
54,120,6899
54,122,7131
54,124,6506
54,127,991
54,129,12136
54,130,10522
54,131,5614
54,132,5300
54,135,7838
54,144,12822
54,147,1300
54,150,6214
54,151,9533
54,158,7754
54,161,9998
54,164,2116
54,169,11957
54,171,12471
54,173,8632
54,177,5604
54,185,5172
54,192,2405
54,193,8418
54,196,8584
54,197,9454
54,199,8198
55,61,9938
55,69,2909
55,70,1032
55,72,2815
55,74,5000
55,77,4294
55,82,4394
55,88,5560
55,94,5620
55,101,7080
55,105,5073
55,106,7121
55,107,5570
55,108,6236
55,110,7849
55,112,2717
55,119,3206
55,120,2605
55,122,1595
55,123,4468
55,124,4340
55,125,3794
55,127,5440
55,128,2352
55,129,6173
55,133,4128
55,134,2468
55,135,4925
55,136,1977
55,144,6261
55,145,6646
55,146,4997
55,147,6820
55,151,6585
55,152,3730
55,153,7174
55,154,5266
55,156,3577
55,157,7606
55,158,801
55,160,5452
55,164,9914
55,166,8323
55,170,4528
55,176,5463
55,178,1674
55,180,4419
55,183,8856
55,185,2625
55,187,10019
55,190,5380
55,191,1952
55,194,9492
56,60,4820
56,61,11262
56,64,1386
56,67,11209
56,68,3303
56,71,3777
56,75,4681
56,76,9704
56,78,9474
56,79,11794
56,81,2289
56,85,5920
56,92,7946
56,93,3130
56,99,9718
56,100,2681
56,104,8775
56,106,7394
56,112,6861
56,115,2993
56,117,3851
56,120,7977
56,127,3625
56,131,4623
56,134,6435
56,136,5154
56,143,6525
56,145,9408
56,146,1723
56,152,4116
56,154,748
56,156,3160
56,162,2625
56,166,9858
56,169,5783
56,177,7172
56,178,4860
56,179,8387
56,181,8762
56,182,7465
56,183,6984
56,184,1892
56,189,3672
56,191,4385
56,192,2008
56,195,7662
57,60,10424
57,64,8304
57,67,922
57,68,8705
57,69,6548
57,74,7551
57,79,8771
57,82,10648
57,84,2490
57,87,10496
57,94,7569
57,95,10564
57,97,2443
57,103,4820
57,104,3937
57,113,10760
57,115,8607
57,118,6181
57,122,4107
57,123,1282
57,124,7428
57,127,12893
57,129,1932
57,131,5117
57,134,3886
57,139,5220
57,140,13129
57,143,10141
57,146,9213
57,147,12040
57,150,5982
57,155,8644
57,156,5656
57,159,2228
57,160,1774
57,163,9952
57,170,3337
57,176,8226
57,183,16542
57,184,7025
57,189,5682
57,192,10476
57,193,9053
57,194,11027
57,199,4800
58,61,8133
58,63,2449
58,69,5873
58,71,5269
58,79,5822
58,82,6756
58,88,5119
58,90,6126
58,91,1908
58,97,1598
58,100,6443
58,102,3574
58,103,1329
58,107,5874
58,110,5988
58,129,5650
58,132,4216
58,134,3295
58,143,5679
58,144,3795
58,145,5167
58,149,2658
58,150,3267
58,153,7813
58,163,8927
58,165,5564
58,175,1144
58,179,3033
58,181,2210
58,184,6340
58,185,5212
58,187,9591
58,189,6836
58,191,5064
58,195,10818
59,60,1286
59,64,4420
59,73,9933
59,78,4510
59,79,7971
59,82,3811
59,84,9418
59,85,2445
59,89,3990
59,90,3949
59,91,6078
59,98,10737
59,106,3195
59,107,7578
59,108,1735
59,110,8301
59,112,7835
59,116,5508
59,118,4079
59,119,3662
59,125,5612
59,126,8875
59,131,3818
59,135,7688
59,136,3231
59,138,1491
59,142,9529
59,144,8709
59,147,2554
59,148,2041
59,150,5103
59,152,1707
59,155,4158
59,156,4889
59,161,5818
59,166,4949
59,177,3256
59,178,2899
59,182,5525
59,183,4464
59,186,2573
59,190,7866
59,191,2645
59,194,6579
59,195,5034
59,197,6928
59,198,12339
60,61,9785
60,62,4367
60,65,8700
60,70,7083
60,75,6686
60,77,5350
60,80,1633
60,81,2555
60,83,1368
60,85,2363
60,87,1146
60,90,3950
60,92,5714
60,94,4520
60,95,1852
60,101,2894
60,106,2615
60,108,1261
60,111,3135
60,112,7594
60,114,2737
60,118,4566
60,119,6511
60,120,4991
60,122,5866
60,130,9952
60,132,3650
60,133,8539
60,135,6805
60,137,1981
60,139,7478
60,141,3642
60,142,7958
60,145,5500
60,146,2618
60,149,10141
60,151,6224
60,153,1789
60,157,7635
60,160,8062
60,163,4079
60,170,9734
60,178,3482
60,179,11099
60,189,8919
60,190,8344
60,191,4151
61,62,4234
61,65,13110
61,71,7645
61,74,13858
61,76,3685
61,82,11648
61,87,7889
61,88,1461
61,89,6325
61,90,13815
61,92,4561
61,95,10139
61,98,5014
61,102,13442
61,107,1393
61,111,11963
61,120,6413
61,125,13728
61,126,1425
61,129,7757
61,131,8888
61,132,5282
61,136,6786
61,140,9903
61,142,3047
61,144,4290
61,147,8502
61,159,11939
61,170,6103
61,171,2736
61,181,4289
61,182,4548
61,188,5721
61,193,3220
61,195,7597
61,197,7626
61,198,7640
62,64,7862
62,71,5909
62,73,4232
62,77,8479
62,81,6429
62,85,2684
62,89,2627
62,94,541
62,96,4154
62,97,6827
62,109,4320
62,118,7234
62,121,2463
62,122,6944
62,137,2599
62,139,4521
62,140,3681
62,147,5363
62,150,6739
62,151,1820
62,153,7894
62,157,3519
62,159,10462
62,162,11025
62,176,1715
62,177,1775
62,180,8421
62,181,5092
62,184,8872
62,186,8048
62,191,7558
62,192,6586
62,193,1532
62,196,10630
62,197,5622
62,198,12104
63,64,5856
63,66,6492
63,68,7349
63,73,4600
63,79,6186
63,80,4746
63,85,2746
63,86,5735
63,87,5048
63,88,4025
63,91,2374
63,94,3999
63,95,5231
63,96,734
63,98,4338
63,103,2272
63,104,2693
63,114,6654
63,117,6268
63,118,2561
63,119,6288
63,122,3416
63,129,7065
63,130,6777
63,132,1138
63,135,6523
63,137,3559
63,142,4021
63,144,4898
63,146,5907
63,151,5239
63,158,2966
63,160,6222
63,163,7605
63,165,3315
63,166,5359
63,169,5319
63,175,2268
63,179,7114
63,182,268
63,183,9573
63,187,5154
63,188,2510
63,190,7496
63,193,4611
63,197,3201
63,199,4652
64,66,4773
64,68,4401
64,70,4800
64,75,2495
64,77,562
64,80,3442
64,87,6917
64,89,5391
64,91,8293
64,93,2431
64,96,7374
64,97,6356
64,98,10508
64,100,2743
64,108,6182
64,109,7818
64,111,1718
64,112,6500
64,113,12023
64,114,7793
64,117,4131
64,119,1783
64,120,6382
64,123,9315
64,127,3806
64,128,4939
64,130,6494
64,135,2766
64,138,2910
64,139,9204
64,145,10844
64,150,4164
64,151,8877
64,156,2432
64,158,4137
64,160,7737
64,161,5770
64,163,1566
64,164,6531
64,165,4155
64,169,4832
64,170,8776
64,172,5365
64,175,10447
64,178,5720
64,183,8415
64,188,4614
64,189,2765
64,190,2807
64,191,4310
64,193,12653
64,194,9736
64,196,5596
64,198,10018
64,199,3894
65,66,2169
65,85,8483
65,89,9195
65,91,5336
65,99,7267
65,103,5103
65,104,4072
65,106,10566
65,109,13647
65,110,8786
65,114,11656
65,119,5411
65,120,5526
65,121,9081
65,123,2799
65,125,3981
65,127,7839
65,132,7406
65,135,5205
65,144,6630
65,154,6051
65,159,1045
65,160,3632
65,163,6860
65,165,5641
65,170,5388
65,171,13506
65,174,10334
65,175,4677
65,186,8126
65,187,12835
65,195,9928
65,199,2396
66,67,3565
66,70,2974
66,71,3230
66,78,6894
66,79,9271
66,84,6429
66,88,10623
66,90,2990
66,95,10342
66,101,8138
66,109,11570
66,112,2733
66,113,12330
66,116,7260
66,122,2670
66,124,8966
66,128,2179
66,131,2419
66,137,9552
66,140,9928
66,143,10287
66,145,12319
66,148,6223
66,153,11377
66,154,5574
66,155,7601
66,158,3242
66,161,5130
66,174,8725
66,175,5311
66,176,8849
66,181,5926
66,182,5082
66,185,3052
66,189,1446
66,190,3385
66,191,4029
66,192,7163
66,195,10864
66,198,8430
67,68,7680
67,72,5472
67,73,7299
67,77,9852
67,82,7099
67,85,8855
67,87,11431
67,89,7582
67,97,1107
67,98,4626
67,105,8402
67,106,9322
67,109,11394
67,112,1183
67,116,4329
67,118,5159
67,121,7850
67,122,3259
67,124,6130
67,125,5250
67,127,10236
67,129,2670
67,131,4742
67,133,3517
67,135,6580
67,136,5344
67,137,7563
67,139,4923
67,142,6956
67,151,8040
67,157,8283
67,158,3124
67,159,1213
67,161,4022
67,163,10141
67,164,13418
67,166,9391
67,174,10323
67,178,4117
67,179,614
67,181,3622
67,187,10668
67,191,5162
67,192,7425
67,197,1837
67,199,3674
68,71,2990
68,74,2053
68,80,1660
68,85,3840
68,88,10899
68,90,4227
68,92,6321
68,93,7420
68,95,2143
68,101,2422
68,104,8361
68,105,775
68,106,4682
68,110,7029
68,119,3807
68,120,5667
68,127,450
68,133,8182
68,148,2502
68,151,9703
68,153,2338
68,154,2832
68,156,4128
68,158,6035
68,159,6981
68,163,2805
68,166,7148
68,167,3308
68,181,8003
68,183,5269
68,184,3999
68,188,3381
68,193,7970
68,194,8193
68,196,6297
69,70,3265
69,74,1828
69,78,5476
69,81,3792
69,82,1500
69,85,6763
69,87,5898
69,89,6112
69,97,5835
69,99,9492
69,101,7197
69,111,1570
69,115,2326
69,116,7460
69,117,5499
69,118,2468
69,119,537
69,120,5186
69,121,6244
69,122,4605
69,127,4997
69,130,7734
69,140,9457
69,141,6294
69,150,3142
69,154,1548
69,155,7497
69,156,542
69,157,9484
69,158,3806
69,162,682
69,165,2258
69,166,10335
69,168,6304
69,171,12106
69,175,7279
69,182,4670
69,191,1853
69,193,8379
69,194,7882
69,195,9483
69,197,5031
70,73,8470
70,77,6413
70,79,8781
70,80,5279
70,81,5720
70,82,4356
70,83,8719
70,88,8345
70,90,4265
70,91,4004
70,95,7942
70,97,2319
70,109,9339
70,110,6319
70,112,2443
70,118,1488
70,119,2940
70,123,3619
70,126,7505
70,127,7771
70,128,1007
70,129,5283
70,135,3794
70,136,2663
70,138,4474
70,140,8160
70,142,8973
70,147,8945
70,153,7311
70,161,2844
70,164,9655
70,169,2143
70,170,4993
70,172,7356
70,173,7843
70,175,3920
70,177,6572
70,179,3908
70,180,3324
70,186,4883
70,191,2575
70,197,2231
71,72,3541
71,74,2266
71,79,8138
71,82,2670
71,83,4676
71,84,7229
71,87,5158
71,95,4369
71,96,3910
71,98,10215
71,100,2552
71,104,4200
71,108,4058
71,111,2189
71,113,8042
71,122,2974
71,124,4991
71,136,3014
71,140,7857
71,144,6974
71,156,1403
71,157,11430
71,159,4062
71,160,5748
71,164,7084
71,166,6636
71,171,9242
71,173,9321
71,174,5760
71,180,3748
71,181,7452
71,185,1213
71,189,2856
71,194,8415
71,195,9249
71,196,3381
71,199,2200
72,74,6664
72,77,7058
72,82,6693
72,83,4949
72,86,5776
72,88,4997
72,91,2280
72,92,2118
72,94,3565
72,95,5335
72,107,4983
72,108,6784
72,109,5149
72,113,6051
72,117,6575
72,118,2694
72,122,3445
72,125,5920
72,128,4127
72,131,2860
72,132,839
72,133,3325
72,134,3816
72,138,6324
72,143,2595
72,150,3713
72,151,4842
72,157,6795
72,158,3946
72,162,6039
72,164,6107
72,167,5560
72,171,7305
72,173,5058
72,175,2168
72,186,5621
72,191,2612
72,196,4330
72,197,3206
72,199,5714
73,74,10170
73,80,7785
73,82,10883
73,85,7836
73,86,9272
73,93,12224
73,95,10923
73,109,7598
73,111,12496
73,114,6741
73,118,7209
73,123,9346
73,124,4753
73,125,11790
73,130,7715
73,135,11135
73,143,5141
73,146,12908
73,149,7763
73,155,3658
73,158,10443
73,159,10777
73,174,4502
73,175,6445
73,176,4491
73,177,5808
73,185,8231
73,187,1184
73,189,10475
74,79,9727
74,81,1520
74,83,4054
74,89,4841
74,92,9270
74,94,9773
74,98,12025
74,100,1241
74,101,5308
74,105,2060
74,106,6388
74,107,11802
74,108,3485
74,109,7861
74,116,9485
74,119,2126
74,121,7720
74,124,5763
74,127,1922
74,130,7755
74,134,4857
74,137,5848
74,139,9521
74,143,8013
74,146,741
74,162,2637
74,163,529
74,164,4602
74,171,11868
74,182,5321
74,183,7483
74,184,2845
74,185,3740
74,187,14773
74,188,3724
74,190,4395
74,199,5417
75,81,6622
75,82,2606
75,90,2073
75,93,2695
75,95,9620
75,96,5039
75,98,11464
75,104,5495
75,107,9768
75,108,6291
75,109,10175
75,112,4327
75,113,14701
75,114,8076
75,119,1357
75,122,2857
75,128,2958
75,130,6210
75,131,2809
75,135,1423
75,138,4005
75,140,11166
75,141,6591
75,147,7671
75,148,5832
75,150,2374
75,152,3782
75,153,8104
75,156,1673
75,160,8627
75,169,2742
75,181,9629
75,182,5078
75,183,8767
75,189,682
75,191,3554
75,195,9776
75,198,9430
76,82,10154
76,86,6173
76,89,3020
76,91,5188
76,96,5325
76,101,7781
76,105,6810
76,111,7145
76,117,7933
76,118,8230
76,125,12758
76,129,9753
76,131,6890
76,134,9769
76,136,4540
76,139,4930
76,140,4167
76,142,6281
76,144,7993
76,147,7784
76,150,6237
76,154,8273
76,160,10603
76,163,9627
76,168,4306
76,171,2143
76,174,1183
76,181,5599
76,182,3940
76,187,3111
76,188,5258
76,190,11805
76,194,1558
76,197,8590
76,198,9489
77,78,7247
77,86,8214
77,91,8284
77,92,8240
77,93,3244
77,94,7606
77,98,11640
77,111,1497
77,112,6095
77,113,14867
77,116,7774
77,117,5001
77,118,3875
77,122,5647
77,130,8065
77,133,8247
77,139,10452
77,144,10273
77,148,5289
77,155,8669
77,158,5944
77,160,10728
77,168,5095
77,173,10666
77,183,8482
77,184,1969
77,185,2763
77,187,11399
77,191,3215
77,192,1951
77,196,5780
77,199,5694
78,82,6201
78,88,3942
78,90,6231
78,95,5717
78,97,5813
78,99,2575
78,100,4426
78,105,3849
78,107,4389
78,109,4313
78,115,5947
78,117,5030
78,120,3565
78,122,6333
78,123,6909
78,124,188
78,126,3626
78,129,9055
78,130,8988
78,134,7048
78,152,4143
78,153,4661
78,156,6315
78,167,5004
78,170,4459
78,172,3200
78,175,3337
78,177,1018
78,180,8148
78,181,4133
78,182,2120
78,187,4771
78,190,11022
78,194,3197
79,81,10442
79,82,10894
79,83,7195
79,89,5611
79,91,5251
79,92,3605
79,94,3527
79,96,4883
79,106,6566
79,115,9457
79,116,3399
79,118,9574
79,121,5375
79,128,9038
79,134,8791
79,138,12783
79,143,6008
79,144,4976
79,146,9935
79,148,6751
79,156,10311
79,161,4944
79,167,10309
79,179,7309
79,181,3759
79,183,9158
79,184,11495
79,188,6584
79,189,14114
79,192,11570
79,196,10941
80,82,2890
80,83,3807
80,86,4989
80,87,2923
80,88,9955
80,96,4318
80,97,5460
80,99,7093
80,103,6908
80,105,1731
80,108,2687
80,117,2098
80,119,2869
80,120,5986
80,122,4098
80,125,6455
80,126,9244
80,129,9452
80,145,8897
80,153,3742
80,154,3919
80,155,5809
80,158,3355
80,161,5613
80,162,2848
80,164,5961
80,167,2556
80,168,2328
80,171,10139
80,173,8151
80,180,5296
80,182,5459
80,185,2904
80,190,5799
80,192,2041
80,194,8505
81,83,3530
81,84,14618
81,85,3994
81,86,5390
81,87,2740
81,90,3069
81,95,2576
81,96,7057
81,97,8455
81,103,7592
81,106,5976
81,111,2433
81,113,13742
81,114,5167
81,120,8144
81,130,11796
81,141,5310
81,142,9351
81,143,7242
81,146,1077
81,147,2278
81,150,5123
81,151,8186
81,152,3144
81,153,2492
81,155,7757
81,156,3712
81,157,12630
81,159,11251
81,161,7388
81,162,4125
81,165,2922
81,170,8305
81,173,8920
81,177,4684
81,179,8512
81,194,8720
81,195,5761
82,83,5469
82,84,13264
82,86,7890
82,91,9046
82,92,10186
82,93,3687
82,95,6553
82,101,5208
82,103,7451
82,108,5369
82,113,10612
82,122,5958
82,127,3511
82,130,9198
82,133,12302
82,134,6184
82,136,6356
82,138,2292
82,139,9095
82,140,8177
82,142,14710
82,151,10062
82,152,5067
82,155,7460
82,156,2044
82,164,7235
82,165,3172
82,184,1489
82,185,2434
82,186,1546
82,187,16380
82,189,3113
82,192,2074
82,194,8678
82,197,6219
82,198,10612
83,84,10011
83,86,2315
83,87,1089
83,91,8140
83,93,10750
83,94,4713
83,95,1513
83,97,7162
83,102,12360
83,103,9607
83,107,7661
83,116,7126
83,123,8909
83,124,2917
83,126,9483
83,127,3686
83,131,7398
83,134,6719
83,138,4829
83,140,2009
83,144,8944
83,145,6260
83,146,4913
83,149,12550
83,152,2805
83,159,8298
83,161,5264
83,169,7846
83,170,7270
83,171,6289
83,173,5554
83,174,2954
83,175,6434
83,177,2684
83,180,9505
83,181,7245
83,185,5660
83,186,4809
83,189,8591
83,195,2624
83,197,6307
84,88,9403
84,89,7377
84,92,5089
84,93,9954
84,103,3524
84,107,8011
84,112,4968
84,126,6049
84,127,13487
84,128,5679
84,133,3123
84,139,4368
84,141,9608
84,144,3009
84,146,13657
84,147,15040
84,153,12151
84,154,10724
84,156,8037
84,159,5767
84,160,2389
84,173,7800
84,177,8885
84,178,8471
84,181,4075
84,186,10841
84,190,9854
84,191,7701
84,192,11993
84,198,999
85,94,3594
85,96,3830
85,98,6972
85,101,4016
85,102,9710
85,104,5420
85,107,7305
85,108,2776
85,113,6353
85,121,2207
85,126,4987
85,128,5665
85,131,5191
85,135,8484
85,139,7498
85,144,7217
85,148,1031
85,149,9776
85,154,5536
85,156,4454
85,163,4722
85,166,2641
85,173,5585
85,181,4630
85,183,4589
85,186,4094
85,189,6020
85,190,7425
85,192,3924
85,194,4828
85,198,8267
85,199,6164
86,96,7231
86,97,9106
86,98,12883
86,102,12679
86,103,10975
86,109,1848
86,120,7712
86,121,5607
86,122,8968
86,124,4356
86,126,9769
86,132,4882
86,133,10692
86,135,13049
86,137,3004
86,141,4714
86,152,4380
86,156,6554
86,157,7659
86,159,11758
86,165,5208
86,166,2972
86,167,8763
86,170,12945
86,172,1641
86,174,3625
86,183,778
86,186,7937
86,192,4696
86,194,3867
86,196,8578
86,197,9164
86,198,16677
87,88,9411
87,89,3859
87,92,9396
87,95,225
87,98,11738
87,101,1838
87,103,7377
87,105,1754
87,111,3895
87,118,5126
87,128,7432
87,130,10822
87,131,5866
87,137,2946
87,138,3068
87,140,2416
87,143,4809
87,144,9946
87,150,6743
87,151,6999
87,153,890
87,155,6060
87,159,11745
87,163,4966
87,169,9963
87,171,7757
87,173,10090
87,174,5485
87,181,9169
87,182,6436
87,191,5853
87,192,3107
87,197,6896
88,92,2884
88,95,10982
88,96,5403
88,100,9199
88,104,5857
88,109,8271
88,110,1423
88,113,1609
88,115,10221
88,116,2810
88,117,7519
88,131,6653
88,135,14108
88,143,3496
88,144,3856
88,148,7855
88,151,2443
88,156,10049
88,158,6220
88,163,8767
88,171,2446
88,173,1004
88,174,5454
88,175,3589
88,181,4312
88,186,8137
88,188,4810
88,191,8841
88,192,9698
88,198,6843
89,93,7317
89,94,3148
89,97,5366
89,101,6515
89,107,4277
89,108,4109
89,109,4078
89,110,3789
89,113,5852
89,115,3205
89,117,3989
89,121,1729
89,124,734
89,125,7684
89,127,5193
89,128,5349
89,130,7394
89,131,3490
89,133,4389
89,140,4381
89,147,4634
89,152,2384
89,165,2415
89,166,3294
89,173,5103
89,184,6952
89,185,3936
89,190,7742
89,195,4246
89,197,5003
89,199,6182
90,94,8843
90,101,6904
90,103,6544
90,105,3564
90,106,7187
90,108,6755
90,110,9456
90,111,1672
90,113,10697
90,119,603
90,121,5772
90,122,3486
90,123,7222
90,125,3386
90,126,8274
90,130,5695
90,137,5954
90,138,2130
90,141,6794
90,142,8782
90,145,7872
90,146,2807
90,147,6613
90,149,11545
90,150,3643
90,160,7199
90,161,4893
90,165,3576
90,168,5352
90,179,7982
90,182,6772
90,184,1351
90,185,1879
90,192,2824
90,194,8896
90,199,3698
91,93,8434
91,94,4416
91,98,1924
91,100,6558
91,101,10122
91,102,7622
91,103,886
91,104,2651
91,105,9873
91,112,5329
91,115,7784
91,116,1563
91,123,4736
91,125,8057
91,126,3133
91,128,5122
91,131,4619
91,133,1171
91,139,1768
91,151,6065
91,154,10152
91,156,6897
91,162,7325
91,165,5609
91,174,4809
91,175,1028
91,183,11241
91,185,7592
91,188,4082
91,189,7182
91,195,8618
91,197,3108
92,97,4743
92,100,7291
92,104,3424
92,106,6617
92,109,6667
92,111,6867
92,114,7644
92,115,5888
92,116,170
92,120,1725
92,124,2416
92,130,5722
92,133,2392
92,136,2751
92,138,6567
92,139,2092
92,143,3426
92,146,6995
92,147,7669
92,150,4047
92,153,7169
92,155,3721
92,156,7039
92,164,7465
92,167,7261
92,177,4247
92,178,3691
92,180,7772
92,192,7814
92,196,4972
92,197,3858
92,199,5243
93,99,9900
93,104,7661
93,106,12304
93,109,14694
93,114,12943
93,119,3022
93,128,5243
93,132,10378
93,134,5017
93,135,1349
93,142,11877
93,146,4517
93,154,3459
93,160,9520
93,162,3200
93,166,10388
93,167,3088
93,168,7369
93,169,4988
93,171,12153
93,181,11478
93,183,11656
93,184,2049
93,185,4103
93,188,9772
93,195,9893
93,196,5723
94,96,4126
94,97,6872
94,108,4805
94,110,2193
94,113,3124
94,115,7244
94,122,7691
94,127,8562
94,128,6411
94,130,9611
94,131,6924
94,134,9814
94,136,4719
94,145,802
94,149,8205
94,151,1250
94,154,8547
94,155,1006
94,157,3607
94,158,8395
94,161,5068
94,163,10025
94,166,2078
94,170,5348
94,173,1817
94,174,1213
94,179,7456
94,180,10106
94,184,11142
94,187,4203
94,190,11202
94,191,5342
94,192,7335
94,197,6283
94,198,12270
95,102,9948
95,103,9151
95,107,11167
95,109,3117
95,112,8595
95,114,2359
95,117,1238
95,119,6409
95,127,2413
95,128,10846
95,131,7316
95,134,6939
95,137,2786
95,138,3015
95,146,4510
95,147,642
95,151,8510
95,154,5891
95,155,5425
95,157,11377
95,160,10163
95,161,9339
95,165,3931
95,168,1928
95,179,9761
95,180,9109
95,184,9088
95,190,8562
95,192,4449
95,193,6428
95,195,3294
95,197,10556
95,198,12250
95,199,9375
96,106,4775
96,110,3851
96,111,5420
96,118,2698
96,122,2861
96,123,4708
96,127,7031
96,129,8316
96,130,4133
96,135,6853
96,142,5572
96,143,3958
96,144,4855
96,155,3311
96,156,5990
96,157,6276
96,160,4402
96,169,5113
96,172,6507
96,173,4051
96,174,5532
96,179,5731
96,180,8183
96,182,562
96,185,3862
96,187,5914
96,188,3056
96,190,10938
96,192,6631
96,195,9023
96,199,4255
97,100,6244
97,103,3533
97,108,7875
97,109,11584
97,111,5703
97,112,1067
97,114,12752
97,115,6473
97,118,4050
97,119,5892
97,122,2172
97,125,5262
97,127,7494
97,128,1348
97,131,3578
97,133,5063
97,134,2505
97,137,7214
97,139,4595
97,140,8337
97,142,6428
97,143,5916
97,146,9577
97,148,7585
97,149,3545
97,152,5009
97,155,6659
97,157,10462
97,164,12226
97,167,5513
97,168,8111
97,171,10271
97,172,7516
97,177,7224
97,178,3304
97,180,6233
97,181,4664
97,183,11239
97,184,7300
97,185,3687
97,193,8612
97,197,1627
98,101,13890
98,102,8882
98,103,2801
98,108,8647
98,112,5991
98,116,3726
98,119,9305
98,120,4037
98,124,5130
98,132,4858
98,136,7178
98,138,9772
98,140,9997
98,149,1711
98,152,10027
98,154,12695
98,159,7245
98,166,6734
98,167,11166
98,170,2704
98,172,8251
98,181,1835
98,183,14941
98,186,8923
98,187,6204
98,188,7784
98,189,9786
98,190,11488
98,194,9072
98,195,11376
98,197,4248
98,199,7758
99,105,6614
99,107,1529
99,109,5296
99,115,7358
99,123,6716
99,124,3558
99,134,7528
99,138,7577
99,142,3097
99,144,4207
99,145,2167
99,148,4685
99,149,4420
99,155,2836
99,164,7934
99,166,4490
99,178,5561
99,179,7863
99,181,3157
99,182,2701
99,184,8665
99,188,4639
99,190,13145
99,197,5695
99,198,9803
100,106,5184
100,108,2298
100,110,7207
100,117,1322
100,118,4805
100,121,6761
100,123,9736
100,127,1428
100,135,6420
100,139,11562
100,141,5328
100,145,8785
100,148,2849
100,149,10323
100,150,5645
100,151,6622
100,157,11378
100,166,6291
100,168,2478
100,175,8645
100,181,8009
100,184,3525
100,188,3272
100,190,7199
100,191,3177
100,196,7176
101,103,8411
101,105,2912
101,109,3855
101,110,9446
101,112,9638
101,117,2451
101,119,6393
101,121,9069
101,123,10021
101,124,5615
101,125,8590
101,129,16418
101,132,7173
101,133,14110
101,135,11020
101,138,3868
101,142,14575
101,144,13072
101,148,3799
101,150,8893
101,152,4265
101,155,5192
101,160,11153
101,173,8573
101,177,6556
101,182,6889
101,194,6169
101,198,13876
102,105,7851
102,107,9417
102,109,10373
102,110,8921
102,111,5885
102,116,7657
102,118,4584
102,119,6097
102,123,3268
102,124,7881
102,129,5540
102,139,8423
102,142,8136
102,143,8548
102,147,9488
102,152,5738
102,153,12935
102,154,8106
102,158,4156
102,164,14725
102,167,4447
102,168,7395
102,169,711
102,170,5834
102,174,8704
102,181,7701
102,182,5107
102,188,6726
102,191,6439
102,197,4124
103,106,7369
103,108,8727
103,115,5899
103,118,3477
103,119,8177
103,120,1582
103,121,2979
103,123,3480
103,124,4280
103,128,3109
103,130,4769
103,133,1042
103,134,5975
103,136,4234
103,148,5557
103,151,4810
103,156,7813
103,157,5402
103,158,4289
103,163,7342
103,171,7241
103,174,5877
103,177,6718
103,178,3391
103,180,7921
103,183,8541
103,187,5324
103,189,7116
103,192,7882
103,195,9829
103,196,3807
103,198,4392
103,199,4217
104,107,5875
104,108,7248
104,115,5423
104,122,1948
104,127,7025
104,130,2639
104,132,3164
104,139,4800
104,141,5426
104,144,3551
104,146,9551
104,148,6663
104,149,2828
104,150,2699
104,152,4067
104,154,7348
104,155,4823
104,156,4210
104,159,2203
104,160,2182
104,161,1136
104,165,4502
104,167,5030
104,168,6411
104,178,2839
104,180,4700
104,181,2516
104,183,8425
104,186,5215
104,189,6726
104,190,9858
104,195,7482
104,199,2659
105,109,5022
105,111,2429
105,117,395
105,118,4910
105,119,5235
105,122,5279
105,123,7826
105,127,1075
105,146,2198
105,147,2085
105,149,10980
105,152,2007
105,168,2507
105,170,9240
105,175,9102
105,180,7202
105,188,3370
105,190,5880
105,192,2002
105,198,13814
106,111,6371
106,114,1629
106,120,4970
106,122,9465
106,123,10570
106,124,3066
106,126,5621
106,127,3395
106,128,6955
106,133,6675
106,134,9060
106,135,10972
106,136,4259
106,139,8277
106,150,6761
106,151,4575
106,159,9434
106,172,1419
106,174,2436
106,178,6115
106,180,7739
106,181,6031
106,184,7946
106,191,4291
106,194,3194
106,197,6274
106,198,10609
107,111,8114
107,113,2734
107,119,9543
107,122,7903
107,124,4997
107,130,8007
107,135,14569
107,138,8704
107,145,2631
107,146,13197
107,147,11996
107,151,2724
107,154,10575
107,156,10131
107,161,3909
107,171,3943
107,173,1844
107,182,3753
107,188,5475
107,194,6743
107,195,7764
107,198,8074
107,199,9062
108,112,8448
108,117,1234
108,119,5476
108,122,7684
108,124,5102
108,126,9724
108,133,7899
108,137,2358
108,138,2861
108,139,9048
108,150,6631
108,155,4809
108,162,5288
108,164,1830
108,166,3687
108,170,9773
108,176,3596
108,178,4606
108,184,6364
108,186,3662
109,110,5079
109,112,10721
109,115,7381
109,116,7439
109,117,4327
109,118,7754
109,127,6088
109,130,10018
109,131,10496
109,141,5812
109,145,4652
109,146,8992
109,149,9370
109,150,10303
109,151,4130
109,153,5251
109,155,3020
109,156,7706
109,159,12427
109,162,10172
109,164,3876
109,166,2430
109,168,4091
109,169,13426
109,172,2520
109,174,3327
109,181,9954
109,183,2513
109,187,8932
109,192,6261
109,194,2972
109,195,223
109,198,12355
110,113,2553
110,121,2518
110,123,8148
110,131,9090
110,132,3483
110,133,4723
110,134,7290
110,135,11536
110,136,4767
110,137,5678
110,140,6707
110,142,2605
110,145,1048
110,151,1127
110,154,9579
110,156,9362
110,158,7095
110,165,7518
110,172,5717
110,186,8291
110,189,9755
110,199,7060
111,112,5663
111,127,2764
111,135,3645
111,136,3566
111,138,1158
111,142,10181
111,144,11149
111,146,1423
111,149,12097
111,151,7948
111,157,9095
111,159,5649
111,162,1999
111,178,4174
111,181,7876
111,188,4235
111,197,5671
111,198,9042
112,113,11508
112,115,7548
112,119,6761
112,121,5991
112,129,4837
112,130,707
112,133,5179
112,136,4186
112,139,6385
112,140,9408
112,150,2643
112,151,8867
112,154,7942
112,155,6693
112,158,3842
112,167,5038
112,168,6895
112,169,1832
112,170,4632
112,175,3819
112,176,7388
112,181,4076
112,183,13690
112,189,4533
113,114,9541
113,118,9493
113,120,5814
113,122,7840
113,125,12401
113,132,5140
113,139,5290
113,140,7254
113,142,2981
113,148,6248
113,152,7021
113,159,12616
113,167,9625
113,171,1134
113,172,6832
113,187,432
113,195,6140
113,198,8337
114,124,3717
114,127,5150
114,129,11735
114,131,7832
114,135,13343
114,141,4434
114,142,8832
114,145,4605
114,146,5246
114,149,9677
114,152,5846
114,153,3185
114,157,7645
114,159,11960
114,160,12668
114,171,7688
114,185,6591
114,187,7326
114,188,4769
114,190,12339
114,195,1064
114,197,10874
115,116,5387
115,123,6692
115,130,8541
115,131,3191
115,132,4325
115,134,4593
115,135,4594
115,147,3666
115,150,3794
115,151,9317
115,153,4086
115,157,9855
115,159,6848
115,163,1841
115,165,1137
115,167,2186
115,169,4936
115,176,4334
115,185,1902
115,186,1039
115,187,12252
115,188,2681
115,189,5425
115,193,7136
116,121,1545
116,125,10970
116,131,4450
116,133,2304
116,138,7423
116,142,2532
116,146,9595
116,151,4595
116,159,6603
116,166,5869
116,167,6057
116,175,1442
116,178,3796
116,188,3867
116,191,6593
116,194,6256
116,196,6050
117,118,4632
117,120,5619
117,124,4045
117,125,6994
117,127,954
117,128,6783
117,132,3986
117,133,10318
117,136,5563
117,146,2238
117,147,1685
117,148,2587
117,153,1382
117,162,6544
117,163,3991
117,167,4411
117,170,7668
117,175,6643
117,182,6275
117,184,4984
117,185,4113
117,187,11772
117,189,5974
117,191,3884
117,194,5392
117,196,9176
117,197,6669
118,120,3676
118,122,2015
118,123,6134
118,127,4499
118,133,5340
118,136,2001
118,139,5405
118,143,3941
118,151,7406
118,152,2057
118,157,9697
118,159,4428
118,161,2074
118,170,4964
118,171,8613
118,172,5409
118,180,3465
118,182,2916
118,184,3926
118,188,2625
118,191,1009
118,197,2977
119,121,6386
119,124,8255
119,125,2229
119,128,3989
119,129,10535
119,145,7989
119,147,8029
119,148,6147
119,150,2599
119,151,10476
119,152,2962
119,154,1897
119,155,9266
119,157,9676
119,158,3717
119,160,6962
119,162,144
119,165,3080
119,170,9258
119,171,14205
119,175,5807
119,178,3772
119,185,1595
119,188,4617
119,191,3139
119,195,9890
119,197,6748
120,124,2536
120,126,4211
120,129,5480
120,131,3193
120,133,2772
120,134,4655
120,135,9546
120,139,3860
120,141,2230
120,154,7176
120,157,5032
120,158,3526
120,161,828
120,162,7017
120,168,5032
120,169,5063
120,172,5990
120,173,4879
120,175,1282
120,181,2091
120,185,5319
120,189,5456
120,190,8326
120,193,5108
120,199,4461
121,124,1002
121,125,10557
121,126,3992
121,131,5961
121,133,4496
121,141,656
121,147,5332
121,153,6016
121,156,5206
121,158,4161
121,160,4957
121,161,3633
121,163,8571
121,164,8222
121,176,2253
121,179,8605
121,180,6665
121,184,9013
121,186,6594
121,194,3629
121,195,4864
121,196,7140
121,199,7354
122,123,4104
122,127,8608
122,130,2821
122,132,4163
122,133,6509
122,135,4453
122,136,2814
122,140,7381
122,145,9901
122,147,8125
122,155,6282
122,156,3574
122,158,886
122,159,1714
122,165,4993
122,167,3109
122,169,1981
122,172,6978
122,173,10035
122,179,3290
122,181,5636
122,184,6149
122,187,8631
122,190,5737
122,199,952
123,124,7091
123,125,6656
123,127,11581
123,128,2409
123,130,1364
123,135,9279
123,140,12777
123,142,6870
123,144,4179
123,159,2266
123,161,3072
123,172,10648
123,174,9679
123,178,6547
123,186,8393
123,189,5685
123,195,12044
123,197,2668
123,198,2445
124,126,4761
124,127,5733
124,128,5153
124,129,10344
124,132,1103
124,133,4205
124,134,5533
124,135,8679
124,145,2689
124,146,6185
124,148,2840
124,150,4168
124,153,6982
124,155,1341
124,156,7377
124,162,7693
124,163,7964
124,165,2897
124,171,5303
124,172,4549
124,175,4776
124,179,6868
124,181,4947
124,193,5029
124,196,7593
125,130,5371
125,131,4125
125,136,5228
125,138,4692
125,146,4941
125,147,7851
125,148,8259
125,152,6167
125,154,3756
125,158,3550
125,165,5536
125,166,9711
125,168,9263
125,171,13488
125,174,13284
125,177,8065
125,178,4577
125,179,5634
125,184,2313
125,190,2570
125,191,5585
125,192,4915
125,193,10318
126,130,7439
126,133,2985
126,137,5512
126,142,1414
126,143,4572
126,144,3661
126,156,10800
126,162,8178
126,166,6723
126,167,10662
126,181,2436
126,184,11448
126,185,8551
126,186,9640
126,188,5361
126,189,12380
126,190,13978
126,192,8399
126,194,4695
127,129,14064
127,131,6642
127,133,8866
127,136,5551
127,137,3665
127,142,10375
127,143,5887
127,145,9457
127,147,2313
127,149,9919
127,153,1534
127,154,4366
127,159,10536
127,167,3975
127,172,2243
127,174,5420
127,176,6079
127,187,9141
127,191,4129
127,192,1708
127,197,8210
128,149,4215
128,151,7700
128,153,8132
128,159,1105
128,160,4314
128,163,7007
128,170,3149
128,171,11944
128,179,2182
128,181,3733
128,183,10471
128,189,4258
128,190,6415
128,193,8118
128,197,1739
128,198,4194
128,199,1553
129,131,8681
129,135,9906
129,137,9052
129,138,11543
129,144,4844
129,156,7619
129,157,9227
129,158,5582
129,162,10675
129,164,18765
129,166,14348
129,168,11359
129,169,5146
129,173,11633
129,174,12196
129,175,5911
129,182,8608
129,193,10124
129,197,4707
130,137,6931
130,138,8938
130,144,4736
130,146,8073
130,147,9076
130,151,8681
130,154,9459
130,165,5520
130,173,8522
130,175,3566
130,181,4663
130,191,6416
130,192,8127
131,133,7071
131,134,1905
131,140,8642
131,142,7694
131,144,6116
131,153,7865
131,154,5015
131,157,7926
131,161,3088
131,164,8673
131,167,2548
131,168,4446
131,171,10530
131,173,9882
131,177,5386
131,184,4074
131,198,7337
131,199,1764
132,137,1928
132,139,6074
132,149,5014
132,151,3856
132,153,6311
132,155,2210
132,159,4733
132,163,4817
132,164,6610
132,166,4119
132,172,4728
132,175,2817
132,181,4639
132,187,6535
132,188,1135
132,189,7367
132,190,8537
132,191,2552
132,193,4913
132,195,4757
133,135,11540
133,136,4164
133,140,11618
133,145,5558
133,150,4707
133,154,11880
133,160,2180
133,166,6218
133,167,6682
133,169,7556
133,170,1150
133,172,11161
133,173,5194
133,174,5675
133,187,5624
133,194,8500
133,196,4437
133,197,3006
133,198,4528
134,137,7821
134,159,1978
134,160,4987
134,162,2795
134,165,4783
134,168,7859
134,174,10848
134,179,4165
134,183,8932
134,185,2184
134,186,4313
134,194,9715
135,137,9647
135,138,4693
135,143,10881
135,147,8530
135,152,5467
135,166,12358
135,168,8263
135,172,8926
135,173,13561
135,174,11086
135,175,8084
135,178,6703
135,183,11164
135,184,2128
135,189,1361
135,192,6894
135,196,4158
135,198,7635
136,138,4895
136,140,6640
136,143,2526
136,148,3329
136,150,1985
136,153,4997
136,154,5374
136,156,4289
136,170,3862
136,179,5536
136,182,1315
136,185,2766
136,188,1743
136,197,3422
136,198,8616
137,138,4032
137,139,8433
137,144,8743
137,149,6835
137,151,5624
137,153,4516
137,156,4934
137,157,7679
137,159,6832
137,160,7120
137,163,5559
137,164,5161
137,169,8069
137,170,8571
137,171,6146
137,176,1637
137,177,812
137,182,4150
137,183,4812
137,186,5380
137,194,4728
137,199,5547
138,139,8063
138,145,6898
138,148,3371
138,157,8817
138,160,8237
138,162,3371
138,169,6212
138,170,7035
138,177,4273
138,185,2649
138,189,5228
138,190,5953
138,194,9227
138,195,7666
138,199,4556
139,140,8179
139,141,4315
139,143,4815
139,144,1523
139,146,11674
139,154,10770
139,157,5607
139,161,3598
139,164,13554
139,165,6525
139,166,7127
139,175,3231
139,176,7152
139,177,5077
139,180,8306
139,184,12729
139,189,9467
139,198,4714
140,141,4428
140,142,11804
140,144,11319
140,146,5819
140,149,9070
140,150,7953
140,152,4571
140,153,2408
140,157,6320
140,159,9298
140,163,8427
140,166,2424
140,167,7439
140,168,2926
140,169,12413
140,170,8824
140,173,5803
140,177,2904
140,179,11285
140,182,6064
140,189,8664
140,192,4847
140,195,1524
140,197,9090
140,198,12334
141,147,5030
141,153,6343
141,160,6583
141,162,5966
141,166,3116
141,170,4442
141,173,3173
141,174,2037
141,176,1596
141,182,2205
141,194,3156
141,197,5596
142,145,4640
142,146,9844
142,149,3018
142,151,4070
142,153,9964
142,154,10100
142,156,8275
142,157,3202
142,161,5646
142,166,6289
142,167,10834
142,168,6975
142,182,4772
142,190,16639
142,191,6609
142,192,12611
142,193,6415
142,197,4927
143,145,3239
143,146,5710
143,147,5692
143,148,3069
143,152,4557
143,154,7942
143,156,8035
143,163,8334
143,165,4513
143,166,2326
143,174,1472
143,180,7751
143,181,5391
143,182,2315
143,184,9622
143,188,1917
143,190,8329
143,197,4503
144,152,8735
144,160,3637
144,162,8487
144,173,6015
144,182,5874
144,186,10758
144,190,10151
144,191,7658
144,193,7589
144,195,8550
144,198,4485
145,151,381
145,152,5771
145,154,9552
145,159,7853
145,171,1754
145,174,1898
145,176,2909
145,179,9825
145,180,11835
145,182,5147
145,183,7997
145,185,7487
145,199,7241
146,147,3512
146,152,2863
146,153,3689
146,157,10891
146,160,10924
146,162,3565
146,164,6160
146,180,4845
146,181,9596
146,183,5627
146,188,4342
146,190,5995
146,192,366
146,193,9664
146,197,9228
147,157,8106
147,164,1243
147,166,5612
147,167,6183
147,168,3348
147,170,10049
147,173,7303
147,176,4581
147,178,5618
147,182,6516
147,183,2699
147,191,5314
147,194,7433
147,198,11578
148,149,9845
148,155,2512
148,159,7829
148,160,7618
148,162,5112
148,164,4051
148,166,3973
148,168,422
148,172,1629
148,175,6744
148,179,7890
148,183,3546
148,186,3795
148,187,7993
148,190,9013
148,191,3742
148,193,4805
148,194,3924
149,152,7885
149,155,6381
149,160,1375
149,162,8144
149,165,7046
149,167,9836
149,168,8744
149,179,4250
149,187,8842
149,196,4199
150,153,6300
150,161,2929
150,162,2401
150,167,2763
150,169,2925
150,181,5827
150,186,3323
150,189,3956
150,194,7951
150,195,7172
151,152,5593
151,169,10254
151,171,1696
151,172,6288
151,174,2299
151,181,4261
151,183,7949
151,191,6600
151,194,2492
151,198,9305
152,155,4490
152,165,241
152,167,2492
152,170,5780
152,171,7280
152,172,3356
152,179,7773
152,187,10296
152,188,1555
152,196,4919
153,157,9043
153,171,7771
153,179,13519
153,181,9902
153,186,4789
153,188,5267
153,193,9216
154,162,1680
154,165,4125
154,167,2137
154,170,8190
154,173,9351
154,175,7364
154,184,1683
154,185,3514
154,187,11129
154,189,4040
154,192,2422
154,195,9169
154,197,7600
154,199,5345
155,157,5539
155,158,5374
155,168,2630
155,169,10486
155,172,4611
155,176,1161
155,181,5769
155,182,3147
155,188,2548
155,190,11972
155,192,6228
155,193,2479
155,194,3022
155,196,6345
156,158,3058
156,160,7991
156,168,5087
156,176,7150
156,179,5891
156,183,8730
156,187,13803
156,188,3556
156,189,2269
156,192,3475
156,193,8869
156,197,6143
157,158,7533
157,159,8617
157,160,9385
157,161,5825
157,162,12888
157,170,5835
157,175,7480
157,178,10016
157,197,10168
157,198,8908
157,199,10428
158,161,2546
158,164,8205
158,165,2980
158,167,2510
158,170,4765
158,173,7978
158,175,3505
158,176,6497
158,190,5678
158,195,7549
159,166,9533
159,168,7295
159,171,9045
159,172,7877
159,174,8507
159,179,1852
159,183,9829
159,184,7617
159,189,5120
159,192,8606
159,193,9208
159,194,10134
159,196,1005
159,198,4369
159,199,2266
160,164,14406
160,165,7326
160,170,1476
160,171,7924
160,173,7606
160,177,6413
160,184,7981
160,187,8997
160,192,10831
160,193,9725
160,197,3075
161,162,6382
161,163,5363
161,164,10745
161,171,7653
161,179,4364
161,183,10397
161,184,5826
161,195,8120
162,163,2282
162,164,8639
162,165,2835
162,167,784
162,169,3482
162,172,8384
162,173,11211
162,175,8371
162,176,7505
162,178,4181
162,181,8661
162,188,4071
162,194,12202
162,195,9760
162,196,4461
162,198,7576
163,168,4788
163,171,10885
163,180,4784
163,184,2937
163,185,2952
163,190,3764
163,193,9026
163,195,6916
164,170,9337
164,173,7559
164,174,5020
164,175,8973
164,179,11697
164,183,1055
164,192,5692
164,197,8347
164,199,9372
165,168,3321
165,172,3054
165,173,7938
165,175,6273
165,182,3511
165,184,4623
165,187,8526
165,191,1444
165,194,6739
165,196,5318
165,199,3255
166,168,2725
166,171,4104
166,173,4570
166,177,1893
166,178,6206
166,180,9784
166,183,3623
166,189,10928
166,190,10251
166,191,6062
166,193,2806
166,197,8844
166,199,10534
167,171,11632
167,172,5062
167,174,8862
167,175,7333
167,180,2409
167,182,4427
167,184,2324
167,190,3204
167,194,9883
168,171,8490
168,172,1743
168,174,3162
168,175,6709
168,182,4766
168,183,3257
168,184,7297
168,185,4642
168,186,4471
168,189,6576
168,190,8407
168,192,3692
169,171,9940
169,173,10676
169,174,9827
169,175,5309
169,177,6948
169,181,5919
169,182,4968
169,183,9904
169,192,6229
169,193,10219
169,196,1235
170,175,1357
170,177,5163
170,178,3901
170,183,13003
170,187,5787
170,190,9657
170,194,10173
170,196,4786
170,197,2588
170,199,5381
171,172,7331
171,178,6781
171,180,11784
171,185,9026
171,187,2037
171,193,1376
171,196,8867
172,173,8560
172,178,4633
173,174,3610
173,178,7745
173,182,3930
173,185,8459
173,186,11734
173,188,4795
173,192,9742
173,194,4128
173,196,7427
173,198,11110
174,177,1638
174,182,3668
174,183,6202
174,184,9441
174,187,5259
174,190,9478
174,198,9864
175,177,5797
175,178,3753
175,183,11673
175,184,8234
175,185,5196
175,188,4871
175,193,5355
176,179,7976
176,181,5195
176,182,3363
176,186,7342
176,190,10668
176,191,5027
176,192,6931
176,193,4104
176,194,2325
176,196,8400
177,179,7690
177,184,7993
177,193,3486
178,183,6354
178,184,4649
178,190,6502
178,191,1328
178,192,3984
178,199,2646
179,182,5691
179,189,5687
180,181,7786
180,183,8953
180,184,1894
180,187,12574
180,190,2968
180,191,4708
180,192,5073
180,196,3789
181,183,10360
181,184,10076
181,185,6484
181,188,5358
181,191,6397
181,193,7846
181,199,4934
182,185,4400
182,191,3754
182,194,6545
182,198,8136
183,186,6036
183,187,12379
183,190,9074
184,186,2805
184,187,12115
184,189,2612
184,192,4078
184,195,8840
184,196,4979
184,199,4443
185,187,9392
185,191,1564
185,193,9934
185,195,10763
185,196,2999
186,191,2424
186,192,1587
186,194,8230
186,196,4819
186,199,4337
187,188,6264
187,189,14244
187,190,14133
188,190,8492
188,194,4516
188,197,4928
188,198,7518
188,199,5871
189,192,4659
189,193,13079
189,197,4505
190,191,6879
190,195,10132
190,199,5815
191,192,3914
191,199,2298
192,193,10415
192,194,7580
192,198,13103
193,195,3714
193,196,11687
193,199,11531
194,196,11448
194,197,10087
195,198,13162
196,199,1497
