# Every line that begins with # is a comment
# File name format: graph_n_m.txt, where n: number of vertices and m: number of edges
# Landscape consists of 10 "squares" by 10 "squares" (like a chessboard), indexed from 0 through 9
# Each "square" is 100x100.
# Vertices: Index, SquareX, SquareY
Vertices
0,8,9
1,1,5
2,3,7
3,2,8
4,2,8
5,5,2
6,8,6
7,2,1
8,1,1
9,2,1
10,8,1
11,6,0
12,5,3
13,0,7
14,7,2
15,2,4
16,3,0
17,4,4
18,1,0
19,0,1
20,5,6
21,9,2
22,1,5
23,2,9
24,1,9
25,8,9
26,1,3
27,7,7
28,2,5
29,5,5
30,5,5
31,0,7
32,3,2
33,1,4
34,5,3
35,2,2
36,6,5
37,7,6
38,4,5
39,1,3
40,2,1
41,7,1
42,9,4
43,7,4
44,2,9
45,3,0
46,8,6
47,4,0
48,9,3
49,2,0
50,9,3
51,7,1
52,9,0
53,7,1
54,4,9
55,2,4
56,4,3
57,0,8
58,1,1
59,2,4
60,8,9
61,3,6
62,0,2
63,9,4
64,9,3
65,5,6
66,8,7
67,8,6
68,6,6
69,3,0
70,2,7
71,8,9
72,5,9
73,2,1
74,7,6
75,3,8
76,0,6
77,9,4
78,5,3
79,4,5
80,4,8
81,6,8
82,1,1
83,2,0
84,0,9
85,0,7
86,4,7
87,3,7
88,9,8
89,7,0
90,0,0
91,4,5
92,7,3
93,7,0
94,8,5
95,5,2
96,6,2
97,0,9
98,2,6
99,0,8
100,4,2
101,3,8
102,7,4
103,9,2
104,9,3
105,5,0
106,3,4
107,3,9
108,8,9
109,3,0
110,0,2
111,1,1
112,5,0
113,5,8
114,6,7
115,4,3
116,3,0
117,8,9
118,1,2
119,5,1
120,2,7
121,5,5
122,4,2
123,4,3
124,9,5
125,8,0
126,4,6
127,3,1
128,9,3
129,1,1
130,8,4
131,9,1
132,1,5
133,2,4
134,0,1
135,8,8
136,6,5
137,5,1
138,5,3
139,1,5
140,8,4
141,9,8
142,8,0
143,4,4
144,4,9
145,4,8
146,5,1
147,1,1
148,8,1
149,4,5
150,3,8
151,3,1
152,7,7
153,9,5
154,5,7
155,4,9
156,9,9
157,4,4
158,8,3
159,8,5
160,7,6
161,9,6
162,1,6
163,9,2
164,2,3
165,8,4
166,9,2
167,6,6
168,1,9
169,2,9
170,6,1
171,6,8
172,4,5
173,0,9
174,5,3
175,0,4
176,8,4
177,1,6
178,5,0
179,0,2
180,0,6
181,9,3
182,9,0
183,5,2
184,5,9
185,3,5
186,3,3
187,9,1
188,6,9
189,4,8
190,7,1
191,9,8
192,1,2
193,4,1
194,0,9
195,2,0
196,4,8
197,6,4
198,5,1
199,2,2
# Edges: fromIndex, toIndex, edgeCost
Edges
0,5,1345
0,14,745
0,20,427
0,23,551
0,26,1912
0,27,214
0,31,874
0,37,321
0,38,890
0,50,745
0,53,805
0,54,349
0,56,749
0,65,422
0,67,623
0,74,446
0,75,1052
0,82,1113
0,85,1220
0,93,1003
0,95,822
0,98,843
0,101,479
0,108,66
0,110,1972
0,120,1180
0,121,539
0,125,1069
0,127,1564
0,131,836
0,132,1610
0,134,1160
0,137,861
0,138,696
0,141,216
0,143,597
0,150,660
0,152,201
0,158,1123
0,163,727
0,165,947
0,176,561
0,180,1130
0,183,772
0,186,958
0,192,1232
0,199,1473
1,22,58
1,28,264
1,34,460
1,42,1017
1,49,512
1,51,789
1,54,624
1,70,268
1,72,767
1,74,1143
1,78,563
1,79,290
1,82,410
1,87,227
1,93,1020
1,98,165
1,100,467
1,120,224
1,121,391
1,122,435
1,135,748
1,147,409
1,150,659
1,152,687
1,154,968
1,168,442
1,176,971
1,177,141
1,178,604
1,179,383
1,195,660
1,197,657
1,199,467
2,8,903
2,12,480
2,14,1120
2,15,357
2,18,855
2,20,232
2,22,414
2,27,470
2,34,876
2,36,430
2,37,393
2,43,478
2,45,993
2,48,1021
2,55,468
2,75,85
2,93,1018
2,94,544
2,96,590
2,102,538
2,106,615
2,107,281
2,110,1167
2,111,798
2,112,698
2,122,878
2,123,417
2,127,619
2,128,686
2,130,641
2,137,705
2,139,332
2,142,922
2,148,1345
2,155,203
2,161,567
2,167,311
2,168,333
2,177,302
2,181,703
2,185,219
2,186,397
2,195,758
3,6,702
3,7,1322
3,14,1188
3,25,578
3,33,443
3,35,1092
3,37,488
3,39,576
3,40,659
3,49,747
3,51,1293
3,55,768
3,57,228
3,58,1093
3,62,597
3,65,302
3,69,838
3,70,103
3,73,744
3,76,307
3,77,1173
3,93,1205
3,105,856
3,117,1110
3,131,980
3,135,592
3,142,1370
3,146,799
3,152,981
3,153,1169
3,154,327
3,155,324
3,157,768
3,160,512
3,167,709
3,175,452
3,179,868
3,191,672
3,194,282
3,195,922
4,10,965
4,13,305
4,19,1100
4,27,530
4,32,1048
4,35,718
4,36,569
4,37,635
4,38,536
4,45,880
4,46,1111
4,70,159
4,71,686
4,80,373
4,89,1631
4,90,1337
4,92,1336
4,103,1125
4,110,690
4,115,534
4,123,555
4,126,354
4,132,309
4,134,1158
4,136,637
4,138,650
4,145,500
4,149,499
4,155,394
4,158,849
4,161,865
4,166,1038
4,170,1464
4,181,1103
4,182,1574
4,188,570
4,190,949
4,197,617
4,199,1181
5,12,214
5,15,424
5,16,358
5,20,448
5,22,735
5,26,503
5,32,331
5,33,512
5,55,447
5,56,234
5,59,800
5,77,705
5,80,1022
5,81,775
5,92,374
5,104,503
5,106,423
5,107,813
5,110,580
5,111,754
5,113,674
5,122,240
5,124,987
5,126,439
5,128,537
5,135,656
5,142,360
5,145,642
5,147,406
5,154,826
5,158,290
5,164,388
5,165,555
5,183,54
5,184,797
5,186,291
5,188,785
5,195,629
5,199,329
6,14,399
6,21,378
6,27,215
6,28,625
6,30,236
6,33,1120
6,36,153
6,38,706
6,44,679
6,49,1216
6,62,1008
6,69,690
6,70,934
6,80,588
6,83,793
6,86,458
6,90,1785
6,91,362
6,96,404
6,105,619
6,106,507
6,107,807
6,114,333
6,121,297
6,126,606
6,151,798
6,156,468
6,170,583
6,171,308
6,175,1192
6,182,586
6,186,799
6,188,420
6,196,588
6,197,224
6,199,678
7,10,996
7,12,604
7,18,52
7,19,247
7,21,1015
7,26,276
7,30,590
7,32,184
7,33,460
7,36,952
7,44,1034
7,46,1006
7,49,54
7,50,1171
7,51,491
7,55,303
7,59,483
7,61,554
7,62,418
7,109,277
7,112,382
7,113,774
7,114,734
7,132,426
7,140,1356
7,142,968
7,151,288
7,156,1523
7,157,429
7,159,1057
7,161,879
7,165,713
7,171,1249
7,173,970
7,192,297
7,193,243
7,195,138
7,196,769
8,9,88
8,13,724
8,22,597
8,24,924
8,25,1332
8,27,1401
8,30,674
8,37,1185
8,48,911
8,49,229
8,50,867
8,54,915
8,55,328
8,70,920
8,71,1778
8,93,609
8,99,757
8,103,1072
8,106,459
8,112,409
8,114,893
8,121,780
8,126,604
8,130,982
8,132,412
8,133,350
8,136,792
8,142,1184
8,144,1494
8,149,526
8,151,275
8,155,1004
8,163,861
8,164,236
8,165,1054
8,174,504
8,175,537
8,178,382
8,180,690
8,181,877
8,188,1596
8,194,834
9,15,448
9,17,533
9,18,36
9,29,705
9,40,118
9,49,45
9,50,841
9,53,632
9,59,382
9,61,605
9,63,910
9,78,357
9,96,437
9,104,860
9,107,856
9,114,824
9,116,167
9,117,1627
9,120,1008
9,122,520
9,126,985
9,130,792
9,133,316
9,135,1349
9,136,1119
9,141,1383
9,143,470
9,151,242
9,153,1703
9,155,864
9,157,538
9,177,595
9,178,520
9,192,242
9,194,972
9,195,91
9,196,754
9,199,142
10,13,978
10,22,741
10,42,351
10,48,256
10,56,552
10,57,1231
10,60,1169
10,69,449
10,73,515
10,81,1327
10,88,1246
10,93,147
10,100,485
10,104,229
10,107,945
10,109,493
10,110,915
10,115,434
10,116,456
10,123,396
10,132,1505
10,139,993
10,141,1045
10,156,1107
10,164,815
10,172,879
10,183,373
10,184,999
10,188,962
10,190,72
11,17,484
11,37,674
11,40,484
11,44,1074
11,50,439
11,58,546
11,74,678
11,76,905
11,78,315
11,81,853
11,91,604
11,97,1085
11,103,427
11,108,1024
11,112,141
11,117,905
11,120,860
11,127,353
11,130,889
11,132,803
11,137,230
11,138,313
11,140,425
11,144,1339
11,145,1061
11,146,118
11,150,877
11,151,312
11,152,1425
11,156,1565
11,161,807
11,163,442
11,168,1368
11,169,1116
11,171,821
11,172,614
11,174,504
11,177,962
11,178,173
11,179,780
11,184,1368
11,192,1060
11,194,1605
12,13,667
12,24,772
12,29,301
12,30,216
12,35,491
12,41,318
12,48,615
12,50,512
12,53,379
12,58,863
12,61,678
12,64,490
12,66,472
12,68,424
12,72,671
12,74,498
12,75,579
12,80,602
12,85,666
12,99,739
12,103,346
12,107,864
12,109,652
12,112,271
12,114,540
12,115,247
12,120,515
12,130,312
12,133,340
12,134,650
12,143,154
12,149,252
12,153,560
12,155,580
12,157,192
12,177,579
12,180,614
12,181,437
12,182,560
12,187,518
12,188,622
12,191,863
13,15,650
13,18,964
13,20,883
13,33,304
13,34,645
13,35,503
13,39,520
13,45,860
13,48,1120
13,49,806
13,50,1003
13,55,358
13,58,679
13,64,1042
13,66,1204
13,68,871
13,74,1054
13,75,330
13,79,849
13,85,44
13,92,1178
13,101,384
13,102,811
13,108,797
13,111,603
13,112,1019
13,120,230
13,124,1372
13,129,622
13,142,1093
13,143,522
13,147,945
13,148,1238
13,152,1029
13,157,508
13,159,899
13,163,1260
13,167,630
13,170,916
13,171,1059
13,180,146
13,185,632
13,186,739
13,187,1109
13,188,741
14,17,343
14,22,1053
14,24,1141
14,28,919
14,31,887
14,41,83
14,42,397
14,44,1170
14,53,148
14,58,896
14,65,504
14,66,965
14,70,1307
14,79,407
14,80,777
14,81,718
14,88,645
14,93,313
14,103,232
14,106,857
14,114,667
14,119,198
14,123,264
14,127,585
14,129,677
14,135,596
14,146,216
14,148,207
14,154,570
14,157,363
14,160,380
14,161,456
14,166,219
14,170,193
14,174,174
14,180,1470
14,182,313
14,187,296
14,194,1849
14,195,722
15,16,524
15,27,717
15,30,374
15,34,328
15,38,291
15,42,826
15,75,400
15,79,267
15,80,504
15,89,885
15,90,659
15,98,249
15,108,730
15,110,310
15,112,761
15,122,459
15,126,291
15,129,301
15,131,777
15,132,150
15,133,64
15,134,372
15,135,760
15,136,417
15,159,959
15,162,431
15,165,582
15,170,542
15,172,238
15,174,476
15,177,301
15,180,467
15,186,178
15,190,937
15,194,910
15,199,356
16,18,287
16,25,1463
16,30,605
16,33,527
16,40,266
16,48,670
16,55,450
16,63,938
16,86,1233
16,87,711
16,91,937
16,93,356
16,95,435
16,101,1066
16,103,576
16,106,427
16,107,935
16,108,1681
16,111,369
16,112,257
16,113,838
16,130,1182
16,133,655
16,134,439
16,142,661
16,160,783
16,173,1170
16,177,1215
16,181,829
16,182,709
16,186,668
16,188,1344
16,193,284
17,22,321
17,23,599
17,24,845
17,27,742
17,31,543
17,33,328
17,42,968
17,44,724
17,47,399
17,59,292
17,62,657
17,63,541
17,71,705
17,75,370
17,82,581
17,83,729
17,84,692
17,90,605
17,92,398
17,100,351
17,103,780
17,109,590
17,110,651
17,116,389
17,117,607
17,121,228
17,129,772
17,131,604
17,141,1237
17,150,685
17,159,920
17,160,498
17,166,943
17,167,276
17,168,594
17,182,778
17,183,245
17,187,940
17,192,371
17,193,343
18,23,866
18,26,279
18,28,602
18,40,180
18,47,270
18,52,816
18,62,319
18,65,699
18,68,715
18,76,746
18,101,1279
18,104,1279
18,105,400
18,106,642
18,129,77
18,148,902
18,152,915
18,161,945
18,172,519
18,176,770
18,185,962
18,188,1001
18,190,823
18,198,639
19,22,704
19,24,916
19,28,503
19,32,369
19,40,354
19,43,814
19,48,1641
19,49,319
19,52,993
19,53,1115
19,54,1748
19,57,795
19,63,1102
19,67,1148
19,69,359
19,73,313
19,83,258
19,84,817
19,108,1078
19,109,465
19,110,47
19,125,1205
19,129,123
19,135,1460
19,139,582
19,142,907
19,143,728
19,145,798
19,147,204
19,154,1027
19,155,881
19,163,1787
19,171,952
19,175,367
19,184,1917
19,188,1041
19,192,161
19,193,732
19,197,816
19,199,234
20,21,520
20,26,690
20,32,655
20,39,687
20,40,844
20,42,845
20,46,337
20,50,827
20,53,713
20,56,294
20,66,354
20,86,242
20,93,1086
20,94,335
20,99,571
20,102,284
20,104,554
20,112,742
20,113,322
20,114,138
20,122,581
20,130,436
20,138,643
20,139,479
20,140,355
20,142,968
20,144,332
20,150,452
20,158,622
20,164,478
20,165,311
20,169,584
20,173,613
20,183,390
20,184,660
20,186,382
20,188,594
20,194,1159
21,27,591
21,31,1039
21,34,377
21,38,545
21,42,221
21,46,502
21,51,330
21,52,254
21,53,137
21,54,1349
21,55,956
21,56,469
21,61,995
21,72,878
21,73,615
21,76,1102
21,78,508
21,88,836
21,92,131
21,97,1091
21,99,1517
21,108,688
21,118,1149
21,120,823
21,125,231
21,126,917
21,129,761
21,130,282
21,132,1181
21,136,496
21,145,733
21,146,495
21,149,565
21,151,841
21,156,736
21,159,337
21,163,69
21,169,974
21,179,842
21,180,1210
21,191,866
21,195,1010
22,25,785
22,30,422
22,32,361
22,34,399
22,35,267
22,43,713
22,55,90
22,64,793
22,72,1026
22,75,352
22,77,1400
22,79,250
22,82,360
22,85,237
22,86,645
22,92,648
22,94,707
22,95,902
22,98,188
22,101,573
22,107,488
22,108,792
22,114,968
22,120,256
22,122,377
22,125,949
22,127,560
22,130,731
22,132,38
22,138,723
22,139,10
22,145,432
22,151,386
22,154,575
22,157,534
22,159,792
22,160,570
22,164,228
22,169,654
22,182,1187
22,184,905
22,188,645
22,194,464
22,195,638
23,29,469
23,35,744
23,42,867
23,43,821
23,47,1016
23,48,1271
23,61,507
23,78,697
23,95,1424
23,99,261
23,102,872
23,104,1240
23,115,833
23,116,993
23,122,765
23,123,628
23,125,1662
23,129,810
23,133,1062
23,140,956
23,142,1343
23,149,596
23,150,205
23,151,773
23,160,548
23,161,803
23,163,977
23,173,346
23,178,1078
23,180,402
23,185,399
23,187,1059
23,194,485
23,197,694
23,198,844
23,199,784
24,28,332
24,32,747
24,35,751
24,36,1174
24,37,686
24,43,1138
24,59,473
24,60,985
24,61,335
24,69,1164
24,78,695
24,79,473
24,96,1377
24,99,203
24,104,1002
24,108,625
24,113,540
24,115,641
24,124,1513
24,127,939
24,131,1099
24,136,603
24,141,1115
24,143,756
24,148,1117
24,160,954
24,161,947
24,162,380
24,179,648
24,181,950
24,183,844
24,194,195
24,196,335
24,198,1468
25,26,1254
25,31,1568
25,33,838
25,34,697
25,37,259
25,43,831
25,56,623
25,63,859
25,70,692
25,76,941
25,79,554
25,80,557
25,81,158
25,90,2152
25,91,489
25,97,1095
25,103,889
25,104,642
25,108,27
25,115,665
25,117,24
25,118,1158
25,122,809
25,123,880
25,124,350
25,125,1140
25,126,451
25,128,1125
25,130,485
25,152,200
25,155,355
25,156,175
25,158,1120
25,159,337
25,166,758
25,168,782
25,170,817
25,172,549
25,174,631
25,183,1277
25,190,1274
25,193,1034
25,194,1149
26,32,287
26,34,484
26,39,64
26,46,822
26,50,843
26,53,692
26,58,218
26,69,397
26,70,440
26,93,707
26,99,478
26,100,447
26,106,333
26,108,1443
26,111,227
26,112,741
26,114,752
26,116,400
26,117,947
26,119,685
26,121,448
26,129,194
26,130,1042
26,141,1072
26,144,649
26,154,712
26,156,1013
26,158,1397
26,160,656
26,161,1459
26,165,894
26,167,644
26,181,1382
26,188,825
26,193,600
26,194,839
26,196,570
27,32,852
27,34,499
27,38,391
27,40,771
27,47,769
27,50,593
27,54,251
27,63,494
27,64,548
27,66,254
27,68,257
27,75,452
27,78,582
27,81,100
27,83,896
27,84,1020
27,85,761
27,93,1016
27,99,878
27,104,639
27,105,809
27,107,423
27,111,924
27,112,984
27,119,619
27,120,584
27,121,326
27,125,1558
27,127,968
27,133,598
27,136,271
27,138,779
27,145,256
27,148,706
27,151,682
27,152,87
27,153,496
27,175,766
27,185,440
27,189,315
27,194,1251
27,198,649
28,32,414
28,33,146
28,34,461
28,35,607
28,37,476
28,39,274
28,48,767
28,49,502
28,57,407
28,58,479
28,62,390
28,73,583
28,74,514
28,82,759
28,88,741
28,89,991
28,105,769
28,107,520
28,108,677
28,113,370
28,121,279
28,123,313
28,130,625
28,136,389
28,138,435
28,139,169
28,146,714
28,165,561
28,166,1016
28,167,437
28,175,314
28,181,1345
28,183,472
28,185,86
28,190,1311
28,199,549
29,36,178
29,49,539
29,60,479
29,64,741
29,65,235
29,66,551
29,67,402
29,73,494
29,82,891
29,85,779
29,86,234
29,87,269
29,94,453
29,98,347
29,117,901
29,124,440
29,127,467
29,128,621
29,134,619
29,136,220
29,137,456
29,138,331
29,148,595
29,149,110
29,150,327
29,158,444
29,159,642
29,165,335
29,171,478
29,186,342
29,187,648
29,199,447
30,33,544
30,35,647
30,46,314
30,47,863
30,51,500
30,52,640
30,54,384
30,66,664
30,87,385
30,92,355
30,109,659
30,123,254
30,124,629
30,136,75
30,146,464
30,147,731
30,150,643
30,156,565
30,162,606
30,169,641
30,179,697
30,183,413
30,184,481
30,188,411
30,193,464
31,33,299
31,34,894
31,36,749
31,55,523
31,58,556
31,60,863
31,66,918
31,68,609
31,79,481
31,81,819
31,90,788
31,103,1618
31,105,1227
31,110,528
31,114,599
31,117,902
31,118,627
31,119,770
31,122,727
31,126,472
31,130,1294
31,131,1114
31,144,544
31,145,478
31,152,1479
31,153,1673
31,154,696
31,157,518
31,172,510
31,189,444
31,192,802
31,193,755
31,194,383
32,36,486
32,38,326
32,42,685
32,43,499
32,44,1375
32,48,829
32,52,870
32,56,221
32,69,134
32,70,984
32,75,799
32,80,895
32,93,459
32,95,350
32,100,180
32,104,835
32,110,318
32,125,657
32,136,448
32,143,312
32,154,1065
32,157,327
32,158,766
32,161,719
32,162,522
32,167,865
32,168,793
32,171,670
32,189,1320
32,192,280
33,49,409
33,51,1213
33,52,1469
33,64,946
33,69,523
33,70,498
33,79,315
33,89,728
33,90,518
33,100,392
33,104,835
33,107,475
33,108,1076
33,121,387
33,122,381
33,123,521
33,125,1064
33,129,360
33,141,876
33,142,930
33,144,577
33,152,1295
33,157,291
33,169,477
33,180,283
34,36,367
34,38,398
34,40,333
34,47,281
34,50,556
34,51,562
34,54,611
34,56,105
34,60,1098
34,64,433
34,65,363
34,66,524
34,75,534
34,85,829
34,87,477
34,89,650
34,91,272
34,96,87
34,97,1161
34,100,128
34,102,264
34,103,589
34,107,791
34,109,389
34,111,450
34,116,319
34,118,428
34,122,96
34,126,455
34,145,793
34,151,395
34,155,609
34,156,739
34,157,247
34,158,336
34,163,432
34,167,530
34,169,669
34,176,357
34,178,381
34,181,487
34,188,850
34,194,1106
34,195,454
35,37,814
35,39,156
35,43,569
35,51,676
35,53,552
35,57,942
35,58,188
35,59,231
35,64,752
35,66,814
35,67,760
35,73,164
35,78,427
35,89,690
35,90,323
35,93,599
35,106,204
35,116,420
35,117,1017
35,123,300
35,131,736
35,133,280
35,146,529
35,147,106
35,150,898
35,153,855
35,160,850
35,165,727
35,185,598
35,193,237
35,196,607
36,50,432
36,55,490
36,61,408
36,83,999
36,84,783
36,85,995
36,87,583
36,96,245
36,97,913
36,102,127
36,119,486
36,120,924
36,132,557
36,144,846
36,159,225
36,165,296
36,170,409
36,171,304
36,175,638
36,185,467
36,189,450
36,191,437
36,197,101
36,198,477
36,199,528
37,42,566
37,46,173
37,58,997
37,67,177
37,81,220
37,85,823
37,96,421
37,100,503
37,103,981
37,107,489
37,108,296
37,110,843
37,121,241
37,124,248
37,130,360
37,132,572
37,147,1176
37,149,427
37,156,397
37,163,496
37,164,667
37,166,745
37,167,75
37,170,868
37,171,275
37,175,776
37,184,443
37,186,834
37,189,373
37,191,323
37,192,720
37,193,1010
38,42,755
38,43,609
38,48,771
38,49,463
38,54,399
38,61,205
38,62,534
38,71,609
38,73,558
38,76,460
38,89,557
38,95,394
38,112,721
38,115,158
38,133,295
38,134,850
38,135,505
38,142,692
38,145,359
38,149,32
38,152,439
38,156,1096
38,166,730
38,168,530
38,171,609
38,182,731
38,185,93
38,186,279
38,190,513
38,198,491
39,40,211
39,43,920
39,48,1009
39,51,944
39,56,337
39,57,702
39,58,190
39,66,1055
39,80,771
39,82,215
39,85,399
39,86,541
39,97,563
39,110,322
39,113,862
39,116,453
39,117,883
39,123,493
39,133,127
39,135,820
39,144,619
39,146,533
39,150,550
39,152,909
39,153,1480
39,165,1258
39,166,884
39,169,847
39,172,408
39,174,423
39,177,303
39,180,478
39,182,884
39,187,861
39,191,923
39,192,76
39,197,527
40,43,795
40,47,210
40,51,655
40,54,774
40,62,230
40,67,895
40,69,172
40,70,624
40,83,187
40,87,538
40,93,758
40,96,632
40,112,547
40,113,708
40,115,273
40,119,606
40,124,811
40,125,652
40,126,666
40,130,1265
40,140,1023
40,143,412
40,164,162
40,165,638
40,172,421
40,176,1152
40,178,316
40,183,358
40,186,223
40,195,220
40,198,326
41,46,533
41,53,55
41,58,910
41,68,530
41,71,876
41,75,870
41,77,420
41,81,719
41,82,807
41,84,1112
41,88,896
41,89,124
41,91,547
41,100,385
41,107,888
41,108,1055
41,109,484
41,111,621
41,113,764
41,114,720
41,121,781
41,122,296
41,123,332
41,126,1032
41,134,701
41,138,252
41,142,196
41,149,940
41,157,789
41,158,268
41,160,700
41,162,782
41,171,666
41,172,481
41,173,1040
41,175,779
41,178,383
41,179,871
41,183,178
41,185,861
41,189,1221
41,194,1630
42,43,355
42,44,1304
42,54,693
42,57,1044
42,58,1672
42,65,531
42,85,970
42,92,218
42,98,1146
42,100,1059
42,102,365
42,105,575
42,118,1470
42,119,691
42,123,499
42,125,452
42,128,152
42,131,290
42,146,592
42,147,1031
42,151,1251
42,152,396
42,155,1046
42,161,227
42,168,1047
42,170,469
42,179,1710
42,190,428
42,192,900
42,195,1141
42,197,342
43,44,774
43,48,268
43,49,624
43,50,253
43,56,361
43,70,568
43,74,250
43,82,681
43,84,876
43,85,734
43,87,518
43,89,684
43,93,725
43,94,260
43,98,637
43,103,330
43,111,1326
43,117,447
43,130,130
43,132,828
43,135,363
43,139,584
43,142,511
43,146,468
43,153,260
43,154,436
43,164,953
43,170,449
43,171,626
43,172,539
43,173,900
43,175,710
43,178,467
43,187,388
43,192,1183
44,50,976
44,51,1623
44,53,992
44,57,328
44,58,1034
44,67,869
44,68,512
44,69,909
44,75,313
44,82,819
44,89,1418
44,94,756
44,97,205
44,103,1784
44,116,978
44,128,967
44,129,1245
44,131,1433
44,133,973
44,140,834
44,145,279
44,147,1024
44,150,300
44,155,323
44,163,1028
44,170,961
44,171,612
44,176,857
44,181,1520
44,187,1106
44,194,338
45,54,1534
45,59,664
45,70,979
45,74,878
45,75,944
45,77,825
45,78,347
45,85,724
45,95,328
45,108,1300
45,118,457
45,119,302
45,123,593
45,133,455
45,135,1188
45,143,490
45,150,1459
45,152,1641
45,155,1128
45,157,599
45,172,607
45,177,659
45,190,445
45,195,144
45,197,818
46,47,918
46,59,1152
46,63,349
46,66,129
46,67,61
46,75,671
46,79,451
46,81,379
46,89,543
46,90,1032
46,91,446
46,102,195
46,106,570
46,112,606
46,119,900
46,122,732
46,126,437
46,130,130
46,138,406
46,142,663
46,145,789
46,148,544
46,150,739
46,153,153
46,160,160
46,172,512
46,183,641
46,184,758
46,186,565
46,188,509
46,196,868
46,197,438
46,199,1370
47,51,271
47,52,972
47,53,433
47,58,315
47,75,767
47,80,1082
47,85,1041
47,86,684
47,99,1021
47,110,432
47,116,94
47,123,285
47,135,1328
47,144,976
47,148,577
47,156,1265
47,159,674
47,165,1018
47,168,1369
47,181,828
47,185,529
47,189,795
47,195,242
47,198,178
48,56,725
48,62,966
48,69,641
48,71,926
48,73,804
48,76,1040
48,82,1028
48,84,1167
48,88,513
48,89,553
48,94,389
48,96,367
48,99,1771
48,101,836
48,102,391
48,106,660
48,115,537
48,118,1497
48,123,495
48,128,65
48,129,1337
48,130,192
48,133,722
48,139,842
48,158,188
48,162,892
48,167,450
48,182,278
49,59,390
49,64,711
49,66,924
49,67,834
49,71,1568
49,77,840
49,89,512
49,95,354
49,101,797
49,102,1191
49,106,473
49,115,331
49,117,1604
49,122,280
49,123,371
49,127,183
49,128,691
49,129,134
49,138,398
49,142,611
49,143,465
49,150,1397
49,151,172
49,156,1092
49,160,1003
49,162,742
49,175,680
49,177,767
49,180,636
49,185,477
50,57,1936
50,66,430
50,69,1062
50,70,813
50,71,1167
50,74,402
50,83,819
50,87,765
50,88,626
50,95,391
50,104,27
50,106,675
50,107,892
50,111,954
50,112,463
50,123,655
50,127,854
50,128,44
50,130,193
50,133,1203
50,150,928
50,152,691
50,155,782
50,156,951
50,158,107
50,160,422
50,165,201
50,168,1934
50,171,891
50,173,1132
50,174,420
50,180,1030
50,183,356
50,191,588
50,192,856
50,196,799
51,65,645
51,67,606
51,69,549
51,71,1281
51,73,546
51,79,623
51,84,1110
51,86,713
51,89,121
51,95,289
51,99,963
51,104,424
51,112,166
51,121,473
51,123,647
51,125,204
51,126,1054
51,127,376
51,128,421
51,129,928
51,135,908
51,140,463
51,153,539
51,154,716
51,155,848
51,169,1295
51,170,60
51,172,487
51,182,281
51,184,889
51,191,807
51,193,317
51,195,628
51,199,773
52,55,864
52,64,286
52,69,684
52,70,1844
52,72,1391
52,73,691
52,84,1327
52,85,1109
52,87,924
52,90,1629
52,91,872
52,92,493
52,97,1371
52,118,1060
52,120,1375
52,122,550
52,126,777
52,128,470
52,131,101
52,140,352
52,146,440
52,152,1052
52,170,522
52,175,1444
52,177,1042
52,193,554
52,195,760
53,54,785
53,55,642
53,59,985
53,60,728
53,63,316
53,70,762
53,73,640
53,75,759
53,86,691
53,88,1245
53,94,568
53,97,1492
53,101,806
53,103,169
53,105,265
53,112,436
53,113,1094
53,119,236
53,135,1170
53,136,395
53,145,726
53,155,803
53,158,249
53,160,601
53,161,481
53,167,590
53,168,1029
53,169,945
53,188,909
53,189,801
53,195,670
53,196,717
54,60,372
54,61,305
54,66,475
54,68,491
54,72,93
54,74,613
54,77,882
54,81,182
54,88,478
54,89,884
54,90,1050
54,91,424
54,97,469
54,105,1655
54,109,923
54,115,556
54,118,747
54,126,349
54,128,1292
54,129,834
54,143,660
54,151,945
54,152,379
54,153,1116
54,156,413
54,159,570
54,165,778
54,185,382
54,189,96
54,194,638
55,64,1217
55,73,290
55,78,413
55,80,1001
55,86,398
55,95,411
55,99,644
55,101,594
55,103,754
55,106,124
55,131,842
55,132,181
55,137,442
55,142,1371
55,146,757
55,147,374
55,151,437
55,153,784
55,155,596
55,157,268
55,162,270
55,164,150
55,168,974
55,170,542
55,177,251
55,178,468
55,184,672
55,187,828
56,57,954
56,61,582
56,64,483
56,67,486
56,68,411
56,69,431
56,71,708
56,74,415
56,78,128
56,79,144
56,81,523
56,82,507
56,87,531
56,88,1283
56,90,594
56,95,187
56,100,256
56,101,493
56,110,686
56,122,220
56,123,51
56,124,537
56,144,533
56,151,388
56,157,94
56,158,465
56,160,641
56,163,933
56,167,487
56,168,658
56,172,127
56,178,374
57,66,1056
57,70,282
57,74,744
57,89,1028
57,90,799
57,93,1059
57,95,802
57,97,96
57,107,343
57,109,849
57,127,755
57,132,411
57,133,454
57,144,599
57,148,1486
57,156,1354
57,158,1177
57,159,974
57,160,1066
57,163,1529
57,168,156
57,188,1099
57,190,1372
58,59,351
58,60,1118
58,67,1082
58,73,194
58,77,1466
58,82,92
58,83,308
58,84,894
58,86,835
58,88,1456
58,90,271
58,91,598
58,94,832
58,95,434
58,96,774
58,106,328
58,110,148
58,118,101
58,127,217
58,130,840
58,142,807
58,147,94
58,149,886
58,153,1313
58,156,2147
58,157,779
58,158,931
58,160,705
58,164,241
58,172,455
58,175,276
58,180,473
58,181,1140
58,197,563
59,61,218
59,63,804
59,75,416
59,77,948
59,83,428
59,85,291
59,87,251
59,91,238
59,98,227
59,106,194
59,117,742
59,119,640
59,123,314
59,127,342
59,128,981
59,131,803
59,138,402
59,142,1106
59,143,267
59,157,215
59,158,766
59,160,709
59,165,793
59,174,732
59,179,255
59,181,1309
59,190,638
59,193,526
59,199,412
60,64,780
60,71,86
60,72,357
60,73,908
60,81,167
60,88,208
60,89,835
60,102,463
60,115,653
60,116,1294
60,121,562
60,123,627
60,125,1064
60,129,1051
60,131,1467
60,138,719
60,141,204
60,149,674
60,151,1067
60,158,625
60,159,481
60,160,582
60,163,672
60,170,966
60,184,280
60,185,598
60,189,734
60,190,1031
60,194,948
60,196,463
61,63,773
61,82,795
61,90,1391
61,97,384
61,104,794
61,105,874
61,111,622
61,116,860
61,132,273
61,134,605
61,140,834
61,142,846
61,144,274
61,154,298
61,156,752
61,170,640
61,173,383
61,176,911
61,179,544
61,180,237
61,181,1305
61,182,905
61,185,131
61,190,813
61,191,623
61,196,196
62,74,1230
62,93,739
62,95,751
62,100,422
62,109,652
62,114,994
62,115,511
62,117,1051
62,118,79
62,119,540
62,124,1788
62,130,870
62,131,1636
62,150,670
62,154,743
62,159,964
62,166,976
62,167,771
62,168,722
62,177,396
62,182,1335
62,186,390
62,189,716
62,199,236
63,68,686
63,70,1246
63,72,726
63,73,731
63,80,1080
63,85,1660
63,88,745
63,92,375
63,95,458
63,101,1452
63,104,128
63,114,495
63,124,167
63,133,716
63,136,396
63,137,529
63,142,510
63,160,369
63,171,527
63,179,902
63,182,415
63,186,626
63,188,668
63,189,712
63,193,605
63,195,1002
63,196,728
64,70,1032
64,71,1131
64,72,1599
64,77,203
64,81,864
64,83,1183
64,85,1075
64,87,851
64,91,611
64,102,213
64,104,33
64,108,634
64,113,776
64,148,242
64,156,823
64,165,240
64,166,27
64,167,684
65,66,662
65,73,972
65,80,203
65,83,704
65,89,694
65,97,661
65,99,515
65,101,245
65,109,718
65,125,783
65,131,706
65,132,412
65,146,726
65,149,253
65,155,247
65,163,643
65,165,678
65,166,713
65,173,610
65,175,581
65,177,480
65,178,621
65,185,217
65,191,577
65,196,283
66,74,200
66,87,724
66,93,1313
66,94,144
66,102,307
66,109,1207
66,110,1946
66,113,426
66,116,1393
66,122,1064
66,124,145
66,125,937
66,127,1436
66,129,929
66,134,1637
66,137,733
66,139,745
66,146,683
66,147,916
66,151,804
66,154,312
66,157,869
66,170,1136
66,172,589
66,177,1166
66,188,465
66,189,663
66,197,380
67,72,527
67,73,1477
67,74,134
67,79,473
67,83,878
67,84,1015
67,87,723
67,92,581
67,98,780
67,99,838
67,104,574
67,112,1084
67,114,312
67,115,690
67,120,641
67,129,882
67,130,254
67,133,785
67,147,979
67,152,169
67,156,540
67,165,380
67,167,358
67,168,844
67,169,822
67,179,883
67,181,258
67,194,1497
67,196,805
68,71,664
68,80,255
68,82,670
68,85,678
68,89,620
68,102,323
68,111,733
68,118,937
68,130,572
68,138,649
68,145,216
68,154,125
68,164,517
68,167,56
68,173,718
68,190,688
69,75,1074
69,76,711
69,81,1590
69,88,1070
69,92,478
69,93,518
69,94,779
69,100,287
69,115,296
69,116,24
69,122,323
69,128,588
69,130,1265
69,139,737
69,145,1420
69,167,1044
69,172,451
69,174,314
69,176,735
69,182,576
69,183,286
69,189,1265
69,191,1062
70,72,354
70,81,540
70,90,744
70,97,278
70,117,725
70,118,486
70,130,1147
70,138,970
70,139,254
70,141,841
70,142,1869
70,149,334
70,151,740
70,153,748
70,161,677
70,162,111
70,167,542
70,168,282
70,180,377
70,186,372
70,187,929
70,190,1503
71,83,1285
71,95,1481
71,97,1177
71,109,1075
71,110,1437
71,117,53
71,118,1403
71,127,1413
71,131,795
71,136,499
71,140,522
71,142,994
71,143,622
71,147,1043
71,148,1227
71,152,184
71,155,605
71,157,696
71,159,358
71,161,322
71,170,1066
71,177,827
71,182,928
71,190,1559
71,192,1439
71,195,1324
71,197,673
71,199,1164
72,78,712
72,91,510
72,95,752
72,97,484
72,99,509
72,100,1315
72,102,1179
72,117,387
72,119,869
72,127,997
72,130,625
72,145,239
72,152,397
72,153,817
72,156,406
72,169,312
72,182,1242
72,184,64
72,185,549
72,192,796
72,193,1001
72,197,1034
73,80,809
73,85,828
73,86,617
73,103,829
73,111,164
73,118,214
73,123,553
73,131,1174
73,133,267
73,138,344
73,143,387
73,146,320
73,150,1207
73,162,551
73,165,585
73,167,1078
73,172,732
73,174,379
73,175,506
73,185,480
73,186,237
73,188,1399
73,193,144
73,197,873
73,198,319
74,77,278
74,78,458
74,86,560
74,89,602
74,90,1105
74,95,495
74,98,616
74,99,919
74,109,969
74,113,312
74,120,530
74,123,462
74,124,272
74,129,1133
74,130,247
74,136,352
74,137,653
74,150,698
74,151,659
74,153,316
74,154,224
74,163,536
74,170,950
74,175,859
74,178,961
74,181,389
74,182,837
74,184,398
74,189,419
74,194,812
74,197,265
74,199,699
75,84,396
75,85,479
75,89,1279
75,90,925
75,91,405
75,100,590
75,103,842
75,104,830
75,109,1127
75,110,848
75,124,720
75,131,906
75,134,711
75,135,619
75,141,836
75,144,138
75,156,835
75,158,1409
75,164,691
75,169,182
75,176,731
75,187,1744
75,198,1097
76,80,504
76,83,648
76,92,1615
76,105,1353
76,109,730
76,112,1207
76,113,529
76,118,406
76,119,711
76,127,823
76,139,326
76,143,665
76,148,1238
76,166,1085
76,167,631
76,175,323
76,176,1255
76,177,84
76,180,65
76,185,433
76,186,666
76,195,689
76,198,1168
77,78,833
77,79,563
77,84,1070
77,93,824
77,94,145
77,96,465
77,99,1096
77,104,197
77,105,652
77,107,823
77,115,990
77,119,535
77,124,172
77,130,115
77,131,439
77,133,1078
77,137,905
77,144,736
77,150,711
77,157,595
77,160,300
77,163,262
77,171,489
77,187,363
77,191,638
78,82,459
78,87,788
78,89,464
78,104,649
78,105,288
78,107,793
78,108,1194
78,126,353
78,144,1011
78,146,217
78,152,621
78,155,729
78,156,1072
78,160,377
78,170,301
78,190,557
79,82,834
79,89,575
79,95,342
79,97,624
79,98,317
79,100,326
79,105,502
79,106,235
79,107,517
79,108,548
79,110,601
79,126,119
79,142,1239
79,144,424
79,151,343
79,152,605
79,153,820
79,155,420
79,175,390
79,188,577
79,190,531
79,195,549
79,197,427
80,81,212
80,86,217
80,90,1005
80,98,428
80,108,345
80,121,475
80,128,711
80,132,494
80,144,129
80,151,701
80,152,349
80,153,595
80,155,42
80,161,760
80,171,158
80,172,371
80,177,447
80,181,728
80,182,973
80,184,117
80,188,273
80,191,460
80,197,787
81,82,889
81,84,934
81,97,719
81,99,840
81,114,274
81,121,676
81,123,686
81,129,935
81,131,815
81,141,644
81,145,285
81,149,542
81,154,120
81,163,690
81,166,1224
81,168,854
81,169,611
81,182,1228
81,187,1549
81,189,335
81,195,1751
82,83,114
82,88,1210
82,89,731
82,101,1455
82,107,1068
82,116,247
82,123,368
82,125,889
82,133,278
82,134,143
82,138,647
82,143,450
82,148,634
82,149,505
82,153,899
82,160,952
82,161,887
82,172,455
82,173,801
82,187,801
83,89,539
83,90,322
83,96,728
83,110,252
83,115,551
83,126,754
83,136,642
83,139,662
83,146,382
83,152,1814
83,165,770
83,166,1228
83,168,1263
83,175,576
83,180,681
83,181,916
83,189,1158
83,191,1075
83,192,505
83,193,234
83,198,532
84,86,454
84,88,1238
84,89,1223
84,90,1672
84,92,1124
84,94,1285
84,95,912
84,96,1056
84,98,325
84,105,1228
84,110,808
84,114,1109
84,116,1036
84,120,420
84,123,806
84,124,1074
84,135,823
84,139,451
84,141,1350
84,142,1763
84,144,416
84,146,1024
84,156,953
84,157,643
84,161,1764
84,169,264
84,171,946
84,173,34
84,177,369
84,185,550
84,186,664
84,187,1243
84,197,1007
85,88,906
85,99,132
85,104,1404
85,108,838
85,112,782
85,119,1088
85,120,295
85,129,999
85,131,1421
85,135,841
85,140,845
85,144,393
85,145,675
85,147,573
85,150,347
85,152,1214
85,154,543
85,155,453
85,159,840
85,174,849
85,182,1144
85,184,816
85,185,447
85,189,490
86,88,818
86,91,212
86,97,424
86,113,157
86,114,287
86,121,441
86,125,882
86,128,870
86,135,524
86,136,363
86,137,862
86,139,335
86,141,692
86,146,909
86,150,111
86,151,886
86,153,610
86,154,353
86,160,569
86,165,513
86,166,1014
86,167,346
86,170,822
86,172,257
86,176,597
86,177,345
86,179,888
86,190,1164
86,196,103
86,197,783
87,93,821
87,94,605
87,97,403
87,104,1446
87,106,457
87,114,422
87,137,807
87,138,497
87,141,717
87,142,1358
87,144,291
87,160,643
87,163,1303
87,166,1357
87,167,558
87,174,502
87,175,378
87,180,224
87,188,444
87,192,720
87,199,557
88,100,805
88,108,191
88,116,978
88,138,1081
88,145,531
88,158,539
88,160,350
88,163,898
88,165,624
88,168,876
88,173,930
88,182,1325
89,94,627
89,96,266
89,97,1102
89,106,569
89,107,1939
89,114,710
89,116,582
89,117,900
89,118,1002
89,126,630
89,128,453
89,141,1031
89,156,918
89,158,298
89,159,645
89,163,377
89,164,598
89,171,781
89,178,269
89,182,248
89,199,550
90,105,558
90,106,567
90,111,248
90,112,574
90,114,929
90,116,380
90,117,1446
90,122,788
90,123,586
90,133,844
90,136,1131
90,138,1272
90,139,517
90,147,267
90,149,685
90,171,1002
90,173,910
90,175,634
90,176,963
90,177,721
90,179,480
90,186,542
90,188,1134
90,190,933
90,191,1448
90,197,756
91,92,538
91,105,571
91,107,733
91,113,405
91,116,731
91,122,390
91,134,926
91,136,299
91,137,435
91,139,277
91,153,810
91,155,339
91,162,405
91,171,297
91,182,754
91,186,428
91,189,319
91,196,222
91,198,501
92,102,256
92,125,339
92,129,660
92,130,203
92,138,207
92,141,616
92,148,291
92,151,768
92,152,480
92,161,571
92,164,548
92,165,133
92,169,845
92,172,448
92,173,1438
92,177,764
92,189,1253
92,194,1149
93,95,446
93,111,724
93,112,305
93,130,582
93,143,698
93,153,693
93,165,455
93,168,1864
93,171,1003
93,181,495
93,191,929
93,196,1402
94,95,854
94,96,554
94,97,1013
94,99,861
94,105,952
94,115,508
94,117,400
94,120,925
94,121,388
94,122,519
94,130,98
94,136,362
94,138,458
94,141,345
94,146,581
94,157,528
94,160,171
94,164,1235
94,169,1206
94,172,429
94,174,397
94,176,180
94,186,614
94,187,448
94,190,544
94,191,312
94,193,655
94,196,575
95,100,178
95,102,372
95,103,452
95,111,800
95,113,857
95,117,826
95,123,226
95,148,428
95,151,175
95,163,394
95,164,348
95,173,904
95,182,511
95,189,779
95,196,611
95,197,408
96,109,410
96,110,589
96,121,438
96,122,195
96,123,148
96,131,415
96,136,259
96,138,33
96,140,290
96,141,719
96,147,470
96,168,822
96,169,764
96,175,1036
96,181,615
96,187,619
96,189,618
96,192,505
96,193,386
96,194,1225
96,196,554
96,198,129
97,100,1548
97,102,1262
97,114,768
97,117,857
97,119,876
97,120,415
97,122,788
97,131,1277
97,132,554
97,143,1137
97,146,976
97,167,1225
97,173,39
97,174,815
97,177,290
97,180,382
97,183,852
97,185,478
97,186,742
97,191,1348
97,193,842
98,101,373
98,106,551
98,108,966
98,116,862
98,118,435
98,133,405
98,134,622
98,139,282
98,150,239
98,154,429
98,159,813
98,174,526
98,175,491
98,181,869
98,183,718
98,184,880
98,194,523
98,195,726
99,106,533
99,114,542
99,115,1186
99,117,782
99,128,979
99,129,680
99,132,297
99,133,649
99,147,677
99,152,1023
99,153,992
99,156,848
99,159,1681
99,160,719
99,167,656
99,196,571
99,199,740
100,105,228
100,106,260
100,110,522
100,111,345
100,119,125
100,126,417
100,135,894
100,138,242
100,144,1144
100,153,638
100,159,607
100,164,251
100,177,719
100,181,521
100,190,424
100,192,368
100,199,289
101,115,564
101,125,1637
101,149,492
101,150,33
101,151,845
101,155,184
101,162,428
101,168,293
101,179,704
101,182,1068
101,185,536
101,189,50
101,191,666
102,105,504
102,106,475
102,108,476
102,113,477
102,114,627
102,118,1337
102,128,191
102,132,912
102,133,520
102,137,384
102,141,733
102,143,317
102,147,677
102,149,365
102,158,214
102,167,227
102,172,489
102,180,1383
102,182,453
102,188,567
102,191,776
102,194,1466
102,196,949
103,120,847
103,121,522
103,123,451
103,126,611
103,127,549
103,143,494
103,145,767
103,158,155
103,160,590
103,168,1992
103,177,913
103,179,958
103,184,1334
103,188,847
103,191,1204
103,199,1253
104,107,1583
104,108,1274
104,110,1219
104,121,563
104,126,1023
104,131,191
104,132,856
104,137,718
104,144,963
104,156,676
104,159,303
104,161,363
104,162,940
104,167,709
104,171,849
104,184,897
104,185,1151
104,186,1001
104,198,433
105,117,1585
105,125,318
105,136,847
105,143,450
105,151,411
105,156,1915
105,161,1298
105,166,493
105,177,1488
105,179,919
105,184,1152
105,186,409
105,189,1388
105,193,179
105,197,420
106,108,1254
106,112,439
106,113,447
106,122,277
106,125,804
106,127,301
106,139,282
106,142,945
106,145,611
106,148,665
106,151,258
106,152,645
106,153,763
106,163,1280
106,169,549
106,172,211
106,187,785
106,189,487
106,193,343
106,195,481
107,116,884
107,122,1373
107,126,358
107,136,529
107,139,462
107,153,747
107,157,476
107,165,748
107,166,902
107,175,586
107,181,878
107,184,234
107,190,1410
107,192,712
107,195,1675
108,125,928
108,128,800
108,144,394
108,147,979
108,148,1390
108,151,832
108,156,118
108,158,840
108,159,406
108,165,519
108,170,939
108,172,640
108,184,367
108,191,104
109,110,373
109,121,565
109,124,908
109,128,653
109,133,407
109,136,1109
109,139,693
109,143,548
109,144,1096
109,146,523
109,149,710
109,158,657
109,160,1186
109,163,1328
109,172,609
109,182,621
109,188,1907
109,190,479
109,192,412
109,197,764
110,117,1120
110,121,782
110,124,981
110,130,885
110,137,471
110,143,537
110,145,1098
110,149,515
110,153,1518
110,155,833
110,162,564
110,163,909
110,165,791
110,172,711
110,177,485
110,181,1004
110,184,1642
110,185,624
110,198,749
111,113,1390
111,116,501
111,117,1888
111,119,511
111,120,951
111,125,1062
111,129,27
111,136,660
111,143,586
111,146,491
111,147,78
111,155,1281
111,156,2095
111,157,464
111,170,651
111,172,497
111,174,475
111,176,1073
111,180,990
111,182,845
111,185,535
111,186,320
111,193,309
112,115,365
112,120,731
112,126,582
112,127,194
112,130,597
112,153,1169
112,156,1578
112,162,741
112,175,812
112,187,671
112,188,889
112,194,996
112,197,374
113,115,549
113,119,664
113,121,300
113,141,496
113,143,367
113,145,42
113,150,152
113,155,108
113,159,545
113,161,509
113,175,1174
113,179,1370
113,180,737
113,182,1019
113,183,849
113,187,839
113,191,392
113,194,822
113,199,687
114,121,236
114,122,677
114,131,748
114,132,492
114,141,394
114,146,633
114,152,205
114,154,60
114,159,383
114,160,362
114,161,347
114,165,403
114,174,424
114,176,524
114,177,506
114,180,819
114,182,932
114,192,854
114,194,654
114,198,678
115,122,150
115,123,31
115,129,521
115,130,732
115,136,287
115,148,469
115,149,219
115,150,518
115,151,228
115,152,567
115,154,459
115,156,1099
115,159,490
115,160,534
115,163,570
115,188,677
115,192,353
115,193,262
115,194,863
116,121,507
116,125,529
116,134,341
116,139,714
116,141,1060
116,146,216
116,149,549
116,161,797
116,162,1214
116,164,495
116,167,798
116,169,907
116,179,358
116,180,743
116,181,677
116,189,818
116,193,127
117,120,678
117,126,471
117,127,1123
117,133,1414
117,138,713
117,144,443
117,145,375
117,146,1626
117,147,997
117,153,416
117,156,176
117,159,379
117,160,382
117,169,1088
117,187,999
117,194,883
117,196,573
118,123,379
118,133,199
118,136,599
118,139,255
118,141,1026
118,142,793
118,144,1012
118,148,753
118,155,1146
118,163,1427
118,167,687
118,171,1001
118,173,802
118,176,821
118,177,622
118,183,830
118,184,835
118,187,1715
118,197,901
119,121,356
119,124,1071
119,126,869
119,130,435
119,132,1020
119,133,495
119,152,1044
119,154,615
119,159,713
119,167,440
119,169,1159
119,170,198
119,172,403
119,175,607
119,178,227
119,197,261
120,139,240
120,145,399
120,148,843
120,151,575
120,152,573
120,154,351
120,167,796
120,189,212
121,123,207
121,124,443
121,129,519
121,130,405
121,132,434
121,142,684
121,147,643
121,152,591
121,158,425
121,162,474
121,177,753
121,195,586
121,196,285
121,199,441
122,125,791
122,132,644
122,138,129
122,146,332
122,154,533
122,155,868
122,158,417
122,159,585
122,178,237
122,190,555
122,194,818
123,128,560
123,136,242
123,142,628
123,144,1093
123,147,368
123,151,194
123,154,502
123,161,866
123,162,773
123,182,639
123,191,673
123,198,227
124,132,1059
124,141,230
124,152,243
124,153,26
124,154,520
124,159,80
124,164,883
124,166,536
124,171,537
124,181,226
124,182,812
124,184,704
124,186,749
124,189,954
124,195,909
124,196,1096
125,126,739
125,129,801
125,144,1032
125,150,1065
125,164,692
125,166,283
125,184,1482
125,188,1973
125,195,789
126,127,645
126,151,496
126,153,510
126,157,164
126,161,474
126,165,561
126,173,936
126,176,462
126,182,769
126,191,509
127,129,303
127,130,988
127,132,460
127,135,1270
127,136,493
127,139,398
127,142,787
127,148,627
127,150,1313
127,157,506
127,159,778
127,171,784
127,173,860
127,177,720
127,179,411
127,190,420
127,192,451
127,194,1442
127,196,1054
128,129,785
128,137,428
128,138,444
128,141,564
128,142,516
128,147,742
128,150,751
128,166,49
128,183,319
128,185,637
128,186,564
128,187,310
128,191,578
128,196,1165
129,145,956
129,153,975
129,159,845
129,164,192
129,166,880
129,167,885
129,171,1375
129,172,470
129,177,544
129,194,1507
129,196,1353
129,197,567
130,135,369
130,137,816
130,142,536
130,144,708
130,149,480
130,153,211
130,155,603
130,160,209
130,165,121
130,166,342
130,177,805
130,180,922
130,184,634
130,194,979
131,142,241
131,151,652
131,159,471
131,161,676
131,176,314
131,188,999
131,189,1095
131,193,617
131,194,1237
131,195,1110
131,197,669
131,199,833
132,134,421
132,143,351
132,149,295
132,155,561
132,165,677
132,170,662
132,171,917
132,175,258
132,177,137
132,185,285
132,198,1110
133,135,706
133,138,531
133,144,535
133,148,638
133,150,549
133,151,256
133,154,654
133,155,556
133,160,684
133,164,182
133,169,528
133,171,856
133,172,341
133,176,637
133,185,328
133,188,853
133,189,720
133,194,599
133,197,505
134,138,636
134,140,1476
134,141,1514
134,143,886
134,146,540
134,149,866
134,156,1191
134,164,429
134,165,1075
134,166,911
134,167,853
134,175,438
134,182,1617
135,138,1086
135,146,906
135,166,675
135,168,832
135,169,778
135,176,581
135,193,814
135,198,800
136,137,464
136,139,778
136,140,239
136,141,435
136,146,460
136,147,1012
136,148,843
136,156,784
136,158,471
136,159,386
136,163,616
136,165,278
136,168,679
136,175,611
136,177,1054
136,179,619
136,198,384
137,138,162
137,147,323
137,149,399
137,151,119
137,157,394
137,162,711
137,165,757
137,167,612
137,175,535
137,177,626
137,193,78
137,198,123
138,141,1164
138,156,829
138,158,375
138,160,473
138,163,500
138,166,339
138,170,230
138,171,529
138,178,471
138,179,544
138,180,656
138,187,793
138,188,843
138,189,769
138,192,805
138,193,218
138,194,854
138,195,868
139,144,738
139,146,899
139,149,255
139,156,903
139,159,1293
139,163,836
139,166,791
139,174,554
139,176,706
139,179,477
139,183,834
139,185,200
139,190,757
139,191,1282
139,197,471
140,141,493
140,145,555
140,148,408
140,155,1101
140,169,1082
140,172,730
140,179,1155
140,181,128
140,191,592
140,196,711
141,158,585
141,160,473
141,161,187
141,162,1152
141,163,564
141,167,410
141,170,778
141,171,561
141,177,1306
141,185,721
141,187,732
141,191,121
141,197,516
141,199,1567
142,145,938
142,151,753
142,159,560
142,164,964
142,169,2127
142,173,2206
142,183,476
142,186,712
142,191,904
143,145,507
143,151,303
143,152,439
143,154,570
143,164,304
143,167,329
143,170,623
143,176,695
143,179,454
143,183,297
143,188,973
143,191,1066
144,149,733
144,164,803
144,166,828
144,184,158
144,194,669
145,154,125
145,155,96
145,161,738
145,167,320
145,175,645
145,177,467
145,183,684
145,184,319
145,194,473
145,195,1022
145,198,1343
146,147,709
146,150,860
146,156,1007
146,162,1130
146,173,991
146,175,959
146,176,474
146,181,489
146,197,342
147,154,1204
147,159,843
147,160,1092
147,166,907
147,170,474
147,174,494
147,177,505
147,178,344
147,184,952
147,194,1448
148,167,551
148,169,1337
148,170,214
148,171,745
148,175,832
148,187,332
148,191,1595
148,195,584
149,154,489
149,160,315
149,161,509
149,162,279
149,167,236
149,171,363
149,172,40
149,184,448
149,191,643
149,192,440
150,153,823
150,160,479
150,165,600
150,167,399
150,182,1000
150,183,636
150,184,313
150,195,839
150,197,495
150,198,989
151,153,695
151,165,565
151,170,270
151,172,396
151,173,820
151,187,1043
151,192,545
152,160,285
152,163,654
152,165,344
152,169,629
152,172,493
152,174,609
152,175,925
152,181,508
152,185,528
152,196,357
153,154,444
153,155,612
153,156,403
153,165,223
153,168,1870
153,173,1189
153,189,682
153,199,841
154,156,458
154,157,492
154,158,638
154,172,410
154,175,655
154,178,1241
154,185,332
154,189,259
154,192,693
154,193,922
154,198,1120
155,156,864
155,162,484
155,164,668
155,179,756
155,180,830
155,188,211
155,197,543
155,198,979
156,164,1292
156,168,869
156,170,1187
156,175,1743
156,179,1077
156,186,829
156,190,1053
156,195,1245
157,170,460
157,177,603
157,184,747
157,186,147
157,194,893
158,159,295
158,162,797
158,169,905
158,171,569
158,177,831
158,198,322
158,199,639
159,160,198
159,173,921
159,174,458
159,176,158
159,185,759
159,187,440
159,197,313
160,161,282
160,166,393
160,167,85
160,179,710
160,186,433
160,189,484
160,190,677
161,164,1054
161,170,603
161,177,1415
161,184,509
161,188,470
161,189,593
161,192,926
161,193,689
161,194,1680
161,195,948
161,197,651
161,198,849
162,180,190
162,187,957
162,189,512
162,191,838
162,192,411
162,197,515
162,198,679
162,199,591
163,170,478
163,185,1024
163,192,1096
163,195,1440
163,197,385
164,176,639
164,177,404
164,182,855
164,183,671
164,184,827
164,186,133
164,194,721
164,195,305
165,173,915
165,176,124
165,177,729
165,180,791
165,199,1089
166,170,395
166,181,181
166,183,645
166,187,218
166,190,327
166,194,1740
167,170,1006
167,175,637
167,176,411
167,177,555
167,179,737
167,182,734
167,187,657
167,195,843
168,180,285
168,182,1360
168,183,1056
168,198,902
169,173,159
169,174,710
169,185,648
169,187,1616
169,192,627
169,193,1076
169,195,1641
170,183,252
170,186,490
170,194,1181
171,172,494
171,173,586
171,183,618
171,198,656
172,175,551
172,178,451
172,183,313
172,184,473
172,187,682
172,195,765
172,199,371
173,176,1068
173,184,508
173,195,1078
173,197,848
173,198,1040
174,176,504
174,183,147
174,184,727
174,188,1002
174,191,661
174,199,335
175,176,1486
175,185,437
175,186,322
175,187,1076
175,192,223
175,196,757
176,179,1142
176,180,855
176,191,652
176,196,591
176,198,607
176,199,654
177,179,770
177,185,258
177,190,1073
177,195,997
177,196,419
177,199,555
178,189,831
178,190,238
178,192,555
178,195,460
178,199,319
179,181,1552
179,184,867
179,185,423
179,194,1347
179,199,207
180,193,1084
182,183,804
182,186,1019
182,188,1112
183,185,504
183,191,1404
183,194,905
183,197,380
183,199,342
184,192,821
184,195,1419
184,198,1110
185,188,496
185,190,602
185,194,878
185,196,372
186,187,1012
186,188,1213
186,189,605
186,194,708
186,195,367
186,196,505
187,188,1176
187,198,486
188,190,887
188,194,740
189,190,833
190,191,799
190,193,553
191,198,1074
192,199,334
193,194,1060
193,195,242
193,196,885
197,198,560
