# Every line that begins with # is a comment
# File name format: graph_n_m.txt, where n: number of vertices and m: number of edges
# Landscape consists of 10 "squares" by 10 "squares" (like a chessboard), indexed from 0 through 9
# Each "square" is 100x100.
# Vertices: Index, SquareX, SquareY
Vertices
0,8,1
1,2,3
2,2,7
3,4,2
4,9,5
5,8,2
6,8,2
7,1,1
8,3,9
9,2,5
10,0,3
11,9,0
12,0,5
13,3,9
14,3,9
15,0,8
16,0,5
17,6,7
18,5,0
19,2,9
20,3,5
21,2,3
22,1,1
23,5,5
24,1,7
25,5,3
26,8,6
27,3,0
28,1,3
29,7,2
30,1,6
31,4,0
32,0,0
33,2,5
34,9,2
35,6,4
36,5,3
37,3,4
38,5,8
39,2,0
40,9,4
41,2,9
42,8,5
43,0,6
44,7,9
45,4,8
46,7,4
47,3,1
48,5,2
49,8,1
50,2,9
51,6,9
52,6,7
53,0,1
54,2,2
55,5,4
56,1,2
57,3,4
58,1,6
59,9,7
60,7,1
61,5,5
62,8,4
63,3,8
64,0,8
65,5,1
66,0,8
67,1,6
68,9,9
69,2,2
70,5,7
71,1,4
72,3,0
73,7,3
74,4,3
75,4,6
76,6,4
77,8,2
78,3,0
79,9,9
80,3,3
81,9,7
82,3,9
83,4,1
84,4,4
85,8,9
86,7,7
87,7,5
88,8,3
89,9,5
90,0,5
91,0,1
92,5,7
93,8,6
94,3,8
95,1,5
96,7,1
97,5,0
98,5,6
99,9,2
100,4,6
101,4,4
102,0,0
103,4,3
104,5,3
105,8,5
106,2,2
107,2,6
108,4,5
109,0,8
110,0,6
111,6,4
112,3,3
113,4,2
114,2,9
115,8,4
116,9,2
117,0,5
118,8,6
119,4,2
120,8,3
121,7,6
122,3,7
123,6,1
124,9,1
125,0,3
126,7,8
127,2,0
128,0,8
129,0,0
130,5,6
131,5,5
132,0,2
133,9,8
134,7,3
135,3,0
136,5,7
137,9,0
138,0,1
139,1,7
140,4,5
141,0,5
142,4,9
143,6,8
144,7,4
145,9,1
146,6,5
147,5,0
148,2,2
149,8,9
150,5,1
151,3,9
152,4,4
153,5,8
154,8,3
155,3,6
156,7,9
157,9,5
158,3,7
159,0,3
160,3,0
161,3,1
162,0,4
163,7,6
164,1,0
165,7,0
166,5,0
167,5,1
168,8,8
169,9,0
170,8,7
171,0,5
172,0,6
173,6,0
174,6,1
175,4,8
176,1,0
177,3,1
178,9,7
179,4,0
180,5,9
181,1,6
182,4,9
183,1,3
184,6,1
185,5,8
186,2,6
187,9,2
188,6,5
189,2,8
190,9,1
191,9,5
192,0,9
193,9,2
194,3,8
195,8,1
196,6,1
197,7,7
198,1,0
199,1,2
# Edges: fromIndex, toIndex, edgeCost
Edges
0,11,152
0,12,1002
0,17,823
0,24,1102
0,30,870
0,32,877
0,36,631
0,40,348
0,41,1061
0,42,374
0,43,1038
0,46,478
0,47,516
0,48,398
0,52,927
0,55,634
0,57,863
0,58,894
0,61,454
0,67,1396
0,68,795
0,70,1364
0,75,690
0,76,481
0,79,841
0,85,783
0,87,688
0,88,224
0,90,1440
0,93,576
0,98,584
0,99,82
0,106,746
0,107,1212
0,109,1083
0,112,573
0,115,299
0,122,791
0,124,79
0,125,957
0,128,1599
0,135,687
0,147,383
0,150,524
0,154,188
0,156,835
0,157,363
0,159,1110
0,162,1075
0,165,230
0,167,366
0,168,765
0,173,253
0,174,278
0,179,425
0,181,856
0,194,1084
0,197,901
0,199,731
1,4,1289
1,6,799
1,7,421
1,8,801
1,11,730
1,19,829
1,26,1194
1,27,569
1,28,159
1,30,303
1,35,359
1,39,339
1,41,662
1,42,624
1,43,398
1,44,1326
1,46,456
1,50,722
1,51,660
1,52,590
1,53,346
1,58,497
1,60,663
1,65,638
1,67,361
1,72,352
1,74,172
1,77,719
1,81,884
1,82,951
1,84,188
1,86,911
1,87,565
1,93,622
1,96,636
1,100,309
1,102,464
1,103,137
1,110,751
1,111,420
1,113,233
1,120,654
1,122,369
1,126,651
1,131,353
1,137,781
1,138,397
1,140,286
1,149,935
1,151,829
1,158,393
1,160,496
1,161,298
1,163,536
1,166,410
1,167,624
1,172,791
1,174,530
1,175,621
1,185,572
1,187,896
1,191,1418
1,192,638
1,193,724
1,195,782
1,196,807
2,7,592
2,13,458
2,18,761
2,20,444
2,29,713
2,30,79
2,35,749
2,37,540
2,38,431
2,42,827
2,51,501
2,52,488
2,53,569
2,55,694
2,56,459
2,59,1348
2,64,237
2,71,258
2,76,631
2,77,1076
2,79,1056
2,82,286
2,86,591
2,88,869
2,92,308
2,93,1220
2,94,227
2,95,166
2,97,957
2,98,382
2,101,450
2,105,1064
2,111,534
2,116,1126
2,119,586
2,131,353
2,138,843
2,139,93
2,144,589
2,146,577
2,147,1009
2,154,1304
2,159,390
2,165,1586
2,166,957
2,167,827
2,171,259
2,175,319
2,176,914
2,181,118
2,190,1606
2,194,215
3,4,698
3,13,887
3,23,274
3,24,606
3,28,251
3,31,232
3,32,709
3,37,203
3,44,1019
3,45,768
3,47,141
3,60,391
3,67,743
3,70,491
3,71,431
3,73,308
3,80,100
3,88,657
3,89,642
3,98,689
3,99,903
3,100,496
3,102,431
3,113,55
3,115,545
3,118,885
3,122,523
3,123,364
3,132,417
3,135,252
3,137,611
3,140,395
3,144,413
3,145,581
3,151,920
3,153,563
3,159,485
3,162,597
3,166,309
3,168,737
3,170,648
3,175,769
3,178,732
3,188,424
3,192,1029
4,7,1668
4,10,1019
4,17,441
4,27,1128
4,32,1643
4,33,1149
4,35,733
4,36,545
4,38,654
4,40,159
4,42,192
4,43,1473
4,46,586
4,48,704
4,49,514
4,54,900
4,64,1019
4,70,512
4,71,1005
4,72,821
4,77,357
4,82,758
4,83,979
4,84,574
4,86,483
4,89,160
4,92,845
4,98,447
4,99,416
4,101,1096
4,110,1048
4,122,1016
4,124,430
4,132,2027
4,133,380
4,137,658
4,141,1818
4,147,726
4,150,622
4,151,790
4,152,811
4,153,580
4,157,115
4,158,744
4,159,1110
4,161,915
4,162,1186
4,167,969
4,174,1096
4,175,681
4,176,967
4,179,996
4,181,1065
4,182,943
4,186,766
4,188,432
4,196,791
5,13,1058
5,28,678
5,32,828
5,34,169
5,40,331
5,43,1059
5,50,1021
5,55,397
5,59,624
5,61,360
5,63,1355
5,68,694
5,72,529
5,77,25
5,84,717
5,88,197
5,90,936
5,93,727
5,99,156
5,100,535
5,101,474
5,105,242
5,108,455
5,114,1092
5,117,1478
5,118,483
5,136,591
5,142,783
5,147,412
5,148,842
5,154,85
5,157,292
5,164,723
5,169,391
5,170,488
5,174,307
5,182,813
5,186,715
5,187,124
5,190,182
5,193,191
5,196,530
5,198,919
5,199,790
6,7,686
6,11,356
6,13,1263
6,17,705
6,18,732
6,19,806
6,21,739
6,36,329
6,38,723
6,40,331
6,43,892
6,50,1017
6,52,453
6,53,1007
6,54,759
6,55,451
6,58,787
6,60,193
6,63,743
6,64,973
6,65,509
6,66,1764
6,68,1012
6,69,632
6,77,65
6,82,1190
6,85,957
6,91,944
6,92,1022
6,93,530
6,97,590
6,100,489
6,102,1578
6,105,238
6,107,675
6,108,412
6,120,129
6,121,370
6,122,971
6,123,227
6,125,1005
6,127,1172
6,134,62
6,146,318
6,148,966
6,149,1022
6,150,328
6,153,602
6,154,55
6,159,757
6,166,413
6,167,345
6,171,1248
6,173,269
6,178,435
6,180,726
6,185,708
6,187,147
6,190,228
6,191,546
6,195,139
7,11,1267
7,15,768
7,17,859
7,24,823
7,27,177
7,34,814
7,36,447
7,37,501
7,41,886
7,45,800
7,47,216
7,53,137
7,63,680
7,69,203
7,71,448
7,74,438
7,75,555
7,77,734
7,78,268
7,80,351
7,81,1907
7,86,946
7,88,759
7,93,1500
7,105,808
7,108,499
7,110,686
7,112,254
7,113,484
7,121,734
7,122,1128
7,123,480
7,124,982
7,131,908
7,132,258
7,136,803
7,145,826
7,148,262
7,149,1156
7,155,781
7,158,1042
7,162,441
7,164,130
7,168,1609
7,170,909
7,174,766
7,175,930
7,176,92
7,178,1170
7,187,778
7,190,935
7,192,1226
7,193,1244
8,10,648
8,21,626
8,24,263
8,30,317
8,37,478
8,41,142
8,42,735
8,45,181
8,46,558
8,50,191
8,52,344
8,54,816
8,56,800
8,57,451
8,64,381
8,73,673
8,75,411
8,77,1126
8,85,750
8,86,595
8,90,452
8,91,1032
8,94,93
8,95,752
8,99,890
8,100,313
8,113,630
8,119,731
8,122,162
8,125,771
8,137,1417
8,143,294
8,147,1708
8,150,800
8,153,211
8,158,122
8,166,1284
8,168,510
8,175,217
8,177,805
8,179,886
8,183,1010
8,188,739
8,191,717
8,193,935
8,194,31
8,196,1533
8,197,486
8,199,841
9,11,892
9,12,285
9,14,662
9,15,484
9,17,394
9,19,588
9,21,356
9,27,503
9,29,580
9,34,1300
9,38,516
9,40,1149
9,41,451
9,43,241
9,46,456
9,56,350
9,57,158
9,63,275
9,68,1047
9,77,839
9,79,1415
9,87,534
9,92,423
9,99,766
9,100,248
9,107,17
9,109,338
9,110,357
9,114,351
9,118,593
9,121,499
9,122,240
9,125,513
9,126,577
9,127,586
9,129,545
9,133,941
9,137,949
9,141,376
9,142,508
9,144,659
9,148,576
9,151,433
9,166,589
9,170,773
9,171,301
9,172,334
9,173,681
9,176,1066
9,183,249
9,186,90
9,190,854
9,194,467
9,199,501
10,16,287
10,40,1116
10,41,1249
10,42,849
10,44,1147
10,45,781
10,46,691
10,55,526
10,64,487
10,65,585
10,68,1178
10,75,488
10,76,870
10,77,842
10,99,1032
10,100,972
10,107,355
10,109,505
10,110,584
10,112,308
10,116,1153
10,117,249
10,119,490
10,123,721
10,126,1001
10,132,180
10,133,1363
10,134,775
10,136,797
10,143,829
10,147,1019
10,149,1297
10,156,955
10,157,1004
10,163,963
10,166,555
10,169,1647
10,171,214
10,172,366
10,175,776
10,178,995
10,180,865
10,188,865
10,191,1267
10,195,1318
11,16,978
11,25,499
11,26,623
11,30,986
11,32,846
11,35,799
11,39,842
11,41,1581
11,44,1142
11,47,1004
11,48,429
11,53,858
11,54,829
11,57,717
11,61,590
11,63,995
11,75,1015
11,78,565
11,79,967
11,82,1082
11,83,524
11,84,637
11,89,547
11,97,350
11,104,633
11,105,816
11,110,1094
11,111,563
11,113,795
11,119,513
11,121,948
11,123,553
11,126,1626
11,130,947
11,131,685
11,132,1275
11,136,1643
11,137,73
11,143,1141
11,147,374
11,148,756
11,149,1744
11,152,1156
11,153,1378
11,157,499
11,161,670
11,162,1021
11,169,32
11,174,323
11,178,720
11,179,549
11,180,1987
11,181,1103
11,187,354
11,189,1282
11,196,305
12,17,694
12,20,366
12,28,414
12,29,1008
12,30,218
12,31,615
12,35,830
12,44,973
12,47,542
12,58,428
12,59,992
12,64,334
12,65,1276
12,68,1012
12,71,199
12,79,1395
12,84,790
12,89,1135
12,96,1138
12,101,413
12,104,656
12,105,1487
12,111,821
12,112,498
12,115,918
12,117,104
12,125,373
12,126,1136
12,128,585
12,134,765
12,135,611
12,137,2080
12,144,852
12,146,1041
12,152,448
12,155,391
12,158,435
12,164,563
12,166,659
12,167,1276
12,175,651
12,186,313
12,187,1187
12,192,499
13,15,331
13,19,76
13,24,273
13,27,861
13,34,1679
13,39,1008
13,43,762
13,45,293
13,47,743
13,48,1041
13,52,501
13,53,819
13,55,798
13,59,744
13,60,902
13,73,704
13,79,1047
13,84,491
13,88,775
13,94,127
13,98,386
13,100,532
13,101,634
13,106,808
13,109,384
13,110,735
13,111,575
13,113,665
13,115,689
13,116,1289
13,120,815
13,122,380
13,127,1650
13,134,739
13,137,1100
13,143,537
13,144,595
13,150,1009
13,161,820
13,168,478
13,170,582
13,176,938
13,178,771
13,179,1386
13,181,454
13,184,836
13,186,269
13,187,958
13,189,174
13,192,464
13,195,918
13,196,1077
14,16,535
14,21,633
14,22,836
14,28,746
14,34,912
14,36,623
14,37,583
14,38,249
14,41,123
14,53,1071
14,56,706
14,57,463
14,58,302
14,59,951
14,61,477
14,67,475
14,68,1006
14,73,709
14,74,1140
14,84,512
14,88,1495
14,95,409
14,96,1682
14,98,634
14,99,1290
14,101,572
14,113,738
14,114,97
14,119,983
14,121,610
14,122,237
14,126,405
14,127,988
14,131,476
14,132,825
14,134,801
14,137,1491
14,143,312
14,144,622
14,145,1349
14,147,1738
14,149,800
14,152,503
14,153,259
14,159,1123
14,162,628
14,163,776
14,164,962
14,169,2100
14,173,1682
14,174,815
14,176,892
14,177,1354
14,178,786
14,179,981
14,183,621
14,185,214
14,191,755
14,197,416
14,199,761
15,16,341
15,20,757
15,22,944
15,23,650
15,28,633
15,29,966
15,31,1302
15,42,1535
15,44,960
15,52,642
15,55,729
15,57,686
15,58,242
15,62,1032
15,64,58
15,65,904
15,69,742
15,71,416
15,74,736
15,76,811
15,85,855
15,96,1086
15,110,192
15,112,643
15,119,1584
15,121,936
15,124,1247
15,127,908
15,128,160
15,134,923
15,135,1658
15,138,778
15,139,234
15,140,609
15,141,341
15,144,824
15,147,1445
15,149,862
15,151,480
15,155,438
15,160,1782
15,162,418
15,165,1103
15,174,974
15,179,970
15,185,734
15,189,364
15,192,99
15,194,344
15,196,990
15,199,605
16,18,680
16,21,271
16,25,571
16,26,1234
16,27,974
16,28,288
16,29,748
16,33,296
16,34,936
16,36,693
16,37,248
16,42,764
16,43,132
16,48,587
16,57,272
16,61,828
16,63,542
16,65,636
16,68,1359
16,71,99
16,72,577
16,78,551
16,79,1490
16,82,489
16,89,1165
16,90,54
16,92,462
16,96,1391
16,98,477
16,99,908
16,100,421
16,103,374
16,107,317
16,109,382
16,111,915
16,120,1441
16,122,317
16,125,343
16,131,510
16,132,363
16,134,1195
16,136,958
16,138,365
16,141,84
16,144,1249
16,145,982
16,146,1067
16,151,840
16,152,389
16,160,652
16,166,643
16,167,650
16,168,848
16,171,127
16,184,686
16,191,951
16,195,1021
16,197,694
16,198,568
17,19,459
17,21,578
17,24,590
17,28,623
17,31,870
17,34,715
17,35,343
17,37,460
17,43,665
17,44,274
17,48,538
17,50,468
17,63,403
17,67,731
17,72,994
17,74,495
17,77,611
17,78,709
17,79,423
17,80,485
17,85,331
17,88,859
17,97,723
17,109,578
17,113,517
17,114,473
17,121,236
17,124,1123
17,125,712
17,126,210
17,128,605
17,133,353
17,138,872
17,141,625
17,147,807
17,151,604
17,154,521
17,155,276
17,160,807
17,162,706
17,167,679
17,168,345
17,169,1248
17,170,240
17,171,917
17,178,505
17,181,498
17,186,399
17,188,212
17,198,925
18,23,499
18,26,716
18,27,254
18,28,495
18,32,796
18,34,1038
18,35,508
18,36,345
18,37,657
18,42,796
18,43,1088
18,46,502
18,49,407
18,50,1175
18,55,432
18,56,650
18,67,988
18,68,1097
18,70,724
18,71,609
18,77,619
18,88,537
18,91,572
18,96,344
18,99,698
18,102,454
18,104,368
18,105,652
18,107,1112
18,110,1174
18,112,394
18,119,200
18,125,763
18,128,906
18,131,568
18,132,831
18,135,157
18,136,1434
18,137,473
18,138,600
18,139,781
18,140,783
18,141,723
18,142,1126
18,144,536
18,145,639
18,150,173
18,152,525
18,159,774
18,160,159
18,163,735
18,164,504
18,166,41
18,167,89
18,171,749
18,172,1267
18,179,27
18,184,362
18,186,703
18,194,890
18,195,506
18,197,1005
18,198,353
18,199,473
19,28,1015
19,34,1063
19,43,346
19,47,850
19,53,765
19,55,688
19,56,914
19,57,446
19,61,539
19,64,455
19,66,259
19,68,656
19,69,615
19,71,496
19,72,1532
19,74,757
19,75,308
19,80,1111
19,81,677
19,82,152
19,95,514
19,96,927
19,97,892
19,101,451
19,103,625
19,105,719
19,106,737
19,108,657
19,109,260
19,111,582
19,113,694
19,114,47
19,123,926
19,128,391
19,129,837
19,130,341
19,131,430
19,132,788
19,141,485
19,142,190
19,149,566
19,151,202
19,158,136
19,171,476
19,172,369
19,179,1304
19,183,1065
19,186,224
19,188,847
19,189,118
20,26,888
20,33,141
20,35,334
20,37,150
20,39,491
20,40,561
20,42,797
20,52,411
20,56,447
20,57,66
20,58,330
20,60,871
20,62,492
20,66,717
20,71,368
20,74,185
20,75,260
20,82,867
20,84,112
20,91,615
20,93,512
20,94,401
20,104,230
20,107,178
20,109,507
20,112,238
20,115,486
20,122,258
20,123,499
20,124,1021
20,126,472
20,127,725
20,133,664
20,135,476
20,136,354
20,141,345
20,142,756
20,145,791
20,147,793
20,148,274
20,149,921
20,150,435
20,156,917
20,160,533
20,162,558
20,171,457
20,173,551
20,180,910
20,183,296
20,185,439
20,191,789
20,196,481
20,197,406
20,198,785
20,199,377
21,26,684
21,28,117
21,30,655
21,33,258
21,34,1100
21,39,449
21,41,662
21,42,724
21,45,615
21,46,534
21,49,1086
21,57,320
21,62,650
21,68,942
21,78,386
21,79,1809
21,84,372
21,87,1043
21,91,331
21,96,633
21,103,279
21,106,130
21,108,396
21,110,449
21,123,755
21,127,568
21,130,475
21,132,276
21,137,889
21,138,250
21,139,398
21,144,579
21,146,533
21,147,755
21,148,61
21,154,636
21,157,1300
21,163,693
21,164,424
21,168,796
21,170,1245
21,172,428
21,177,396
21,179,388
21,184,488
21,193,745
21,197,770
21,198,508
22,26,959
22,27,443
22,30,797
22,43,719
22,45,804
22,46,738
22,54,235
22,55,803
22,60,812
22,63,679
22,66,920
22,67,534
22,68,1292
22,69,228
22,76,604
22,78,278
22,79,1575
22,82,979
22,94,748
22,101,706
22,104,543
22,111,712
22,115,804
22,118,1472
22,122,636
22,133,1304
22,134,721
22,136,1114
22,140,596
22,144,988
22,146,680
22,149,1623
22,150,462
22,155,606
22,159,275
22,160,271
22,162,369
22,164,158
22,165,639
22,168,1336
22,175,833
22,178,1002
22,179,447
22,180,933
22,183,242
22,188,663
22,192,833
22,197,832
23,31,487
23,35,155
23,36,205
23,37,346
23,38,424
23,39,539
23,41,821
23,42,368
23,43,778
23,47,399
23,50,1119
23,52,245
23,53,853
23,55,77
23,57,169
23,60,470
23,62,350
23,64,619
23,66,548
23,67,393
23,68,600
23,69,376
23,72,757
23,73,379
23,74,293
23,76,191
23,77,451
23,81,740
23,87,326
23,88,522
23,89,422
23,90,480
23,91,999
23,92,386
23,93,704
23,95,448
23,101,102
23,107,274
23,113,251
23,114,900
23,116,509
23,122,305
23,125,745
23,126,650
23,128,738
23,129,625
23,132,726
23,136,281
23,141,903
23,147,512
23,153,552
23,154,394
23,158,317
23,161,418
23,162,621
23,172,512
23,174,572
23,176,572
23,177,463
23,182,548
23,191,547
23,193,964
23,194,613
23,196,630
24,35,681
24,38,705
24,43,263
24,44,693
24,49,1611
24,50,218
24,61,552
24,65,786
24,68,1009
24,69,530
24,73,1217
24,75,344
24,80,553
24,83,718
24,84,500
24,85,869
24,91,698
24,94,290
24,101,473
24,102,1009
24,104,609
24,105,820
24,108,588
24,112,521
24,113,805
24,120,868
24,127,1068
24,133,1387
24,134,796
24,135,1366
24,137,1402
24,144,878
24,147,883
24,149,1004
24,150,830
24,152,470
24,155,306
24,157,926
24,164,798
24,165,1343
24,166,825
24,167,798
24,168,737
24,170,1068
24,174,808
24,177,1372
24,182,603
24,183,419
24,184,1492
24,186,182
24,192,215
24,197,625
25,28,470
25,29,214
25,34,446
25,35,191
25,39,477
25,48,86
25,49,404
25,51,808
25,54,417
25,55,114
25,57,244
25,65,197
25,69,333
25,72,357
25,74,137
25,75,318
25,77,398
25,81,599
25,87,267
25,88,349
25,89,406
25,92,443
25,93,816
25,94,836
25,97,332
25,98,295
25,107,776
25,110,862
25,115,503
25,116,486
25,121,372
25,124,858
25,133,637
25,136,581
25,152,202
25,155,699
25,156,1229
25,160,697
25,163,597
25,166,313
25,172,850
25,175,644
25,176,549
25,177,357
25,178,647
25,180,615
25,184,361
25,191,523
25,195,590
25,198,582
26,27,884
26,31,1176
26,32,1306
26,36,466
26,38,610
26,45,438
26,47,647
26,51,506
26,52,394
26,59,347
26,63,587
26,71,1021
26,72,825
26,73,301
26,75,434
26,77,472
26,79,383
26,81,147
26,85,308
26,96,485
26,100,380
26,102,1821
26,105,166
26,108,386
26,109,851
26,110,1269
26,111,295
26,120,241
26,121,132
26,129,1150
26,130,364
26,131,412
26,133,247
26,142,544
26,143,449
26,145,487
26,146,207
26,153,383
26,158,541
26,161,795
26,167,915
26,175,794
26,178,253
26,179,909
26,183,757
26,184,452
26,185,411
26,187,384
26,188,233
26,193,588
26,194,566
26,199,759
27,37,532
27,47,105
27,49,851
27,51,896
27,52,698
27,53,288
27,56,339
27,60,476
27,62,675
27,64,959
27,66,973
27,68,1990
27,75,562
27,76,462
27,77,549
27,80,259
27,83,62
27,86,802
27,93,984
27,95,889
27,98,695
27,100,705
27,103,281
27,112,224
27,118,744
27,119,197
27,122,960
27,123,311
27,127,98
27,128,912
27,129,366
27,130,1021
27,131,538
27,133,1063
27,136,749
27,140,490
27,141,642
27,142,1674
27,148,243
27,149,1479
27,153,760
27,156,1679
27,174,508
27,180,1157
27,184,346
27,187,880
27,189,1137
27,192,942
28,33,495
28,36,402
28,37,177
28,41,660
28,51,847
28,54,127
28,56,90
28,58,537
28,59,1453
28,60,635
28,64,547
28,65,650
28,66,498
28,74,295
28,81,873
28,94,623
28,96,634
28,99,1177
28,105,736
28,106,167
28,107,571
28,109,544
28,119,338
28,120,780
28,124,803
28,125,113
28,127,322
28,128,906
28,133,1037
28,136,674
28,137,1214
28,142,686
28,146,987
28,155,769
28,156,928
28,157,1132
28,162,232
28,164,627
28,167,405
28,175,1043
28,176,280
28,186,476
28,190,814
28,191,1379
28,194,968
28,197,689
29,31,443
29,34,309
29,38,693
29,40,563
29,44,849
29,47,363
29,55,286
29,58,749
29,59,849
29,63,996
29,64,1012
29,66,969
29,70,562
29,72,404
29,76,205
29,77,175
29,81,1104
29,87,390
29,88,391
29,89,749
29,99,230
29,101,427
29,105,354
29,106,871
29,107,1021
29,111,274
29,114,886
29,116,251
29,117,1253
29,118,428
29,119,294
29,126,917
29,127,621
29,132,776
29,134,109
29,140,448
29,147,401
29,151,843
29,153,621
29,155,682
29,157,474
29,162,968
29,166,261
29,167,210
29,168,677
29,170,556
29,172,1424
29,174,96
29,177,475
29,179,288
29,180,756
29,184,26
29,191,794
29,195,216
30,33,139
30,35,603
30,36,483
30,39,1037
30,42,1102
30,52,487
30,56,413
30,57,525
30,59,1267
30,60,1218
30,62,1323
30,67,31
30,72,1092
30,73,1053
30,78,612
30,81,1507
30,84,381
30,86,654
30,88,803
30,91,575
30,94,274
30,97,805
30,101,621
30,102,710
30,105,1148
30,107,177
30,110,172
30,113,798
30,117,219
30,119,765
30,120,980
30,122,203
30,133,801
30,134,1340
30,137,1590
30,146,639
30,147,1149
30,152,356
30,153,414
30,157,913
30,160,681
30,163,586
30,167,653
30,174,677
30,175,373
30,182,401
30,188,479
30,191,829
30,197,577
30,198,658
31,36,384
31,37,504
31,38,904
31,39,311
31,42,679
31,43,829
31,45,1228
31,46,529
31,50,980
31,54,305
31,61,775
31,63,792
31,68,1062
31,74,314
31,75,998
31,78,63
31,85,975
31,86,828
31,91,603
31,100,694
31,101,685
31,107,647
31,108,500
31,109,923
31,113,260
31,114,910
31,117,864
31,136,1004
31,137,810
31,145,576
31,147,144
31,149,1507
31,160,75
31,164,429
31,165,333
31,169,717
31,172,819
31,176,318
31,179,67
31,183,448
31,189,1386
31,192,1031
31,198,330
31,199,669
32,33,596
32,34,957
32,38,1417
32,39,159
32,40,971
32,42,986
32,45,1072
32,49,828
32,53,215
32,59,1279
32,60,1031
32,64,1117
32,67,684
32,68,1275
32,73,736
32,76,1327
32,85,1221
32,86,1086
32,87,967
32,88,1618
32,89,1009
32,91,207
32,92,1503
32,94,1502
32,97,567
32,100,756
32,106,342
32,107,803
32,108,1143
32,110,765
32,111,972
32,113,665
32,116,924
32,125,615
32,132,234
32,143,1429
32,146,1393
32,152,649
32,154,854
32,155,739
32,156,1218
32,158,830
32,160,284
32,161,480
32,162,488
32,164,117
32,165,712
32,166,470
32,168,1265
32,170,1180
32,175,1048
32,177,335
32,182,1579
32,186,710
32,188,825
32,189,904
32,192,974
32,197,983
33,43,284
33,45,402
33,46,447
33,48,486
33,49,987
33,55,299
33,56,327
33,59,890
33,61,316
33,66,436
33,69,295
33,72,640
33,90,320
33,91,522
33,95,166
33,96,663
33,101,341
33,110,252
33,115,651
33,120,698
33,124,803
33,127,585
33,144,496
33,159,274
33,161,608
33,162,302
33,166,829
33,169,1038
33,171,323
33,175,492
33,177,460
33,178,1293
33,184,999
33,185,565
33,186,145
33,188,511
33,189,341
33,195,954
33,197,477
33,198,570
34,39,1393
34,43,1686
34,46,449
34,47,639
34,49,188
34,56,1266
34,62,388
34,63,866
34,64,1187
34,65,462
34,66,1449
34,67,1039
34,69,717
34,73,298
34,74,562
34,78,1082
34,82,1246
34,84,641
34,86,785
34,88,207
34,100,1103
34,105,264
34,109,1171
34,110,1724
34,112,850
34,114,967
34,121,456
34,122,799
34,123,565
34,130,638
34,134,359
34,135,752
34,140,603
34,142,985
34,143,947
34,145,201
34,148,905
34,150,477
34,151,1337
34,154,154
34,155,764
34,156,763
34,159,1493
34,163,466
34,174,511
34,176,1245
34,179,678
34,184,332
34,185,856
34,186,829
34,189,1628
34,194,907
34,195,135
34,198,1517
35,37,349
35,40,282
35,43,664
35,49,721
35,50,862
35,53,907
35,57,309
35,64,801
35,67,559
35,69,383
35,70,350
35,81,564
35,83,389
35,87,198
35,88,342
35,96,324
35,98,195
35,106,557
35,107,740
35,108,186
35,112,362
35,114,949
35,118,277
35,121,203
35,122,749
35,133,734
35,139,656
35,144,175
35,146,133
35,147,474
35,157,362
35,158,777
35,163,254
35,166,591
35,168,466
35,170,388
35,173,404
35,177,464
35,179,463
35,180,659
35,182,542
35,184,463
35,186,452
35,188,123
35,190,451
35,193,424
35,195,503
35,197,298
36,41,731
36,42,399
36,44,889
36,48,98
36,50,1427
36,54,258
36,56,476
36,60,445
36,66,1037
36,68,746
36,74,93
36,80,180
36,81,1002
36,82,675
36,83,373
36,84,146
36,89,610
36,92,661
36,94,513
36,97,283
36,99,654
36,106,317
36,110,966
36,111,251
36,112,222
36,113,155
36,115,425
36,116,583
36,117,796
36,120,547
36,121,377
36,123,197
36,124,477
36,126,575
36,129,518
36,140,280
36,141,962
36,143,666
36,148,306
36,152,184
36,154,343
36,157,713
36,160,364
36,165,556
36,167,225
36,175,532
36,181,739
36,183,379
36,184,220
36,186,780
36,187,717
36,192,1492
36,196,252
36,198,479
36,199,407
37,38,695
37,39,679
37,41,570
37,42,649
37,44,1350
37,47,349
37,48,618
37,50,576
37,54,194
37,56,237
37,63,466
37,67,490
37,68,1204
37,70,381
37,72,384
37,73,412
37,77,590
37,78,397
37,79,1005
37,82,581
37,87,628
37,92,444
37,96,651
37,99,737
37,101,135
37,102,612
37,103,177
37,108,208
37,111,423
37,112,214
37,113,198
37,125,346
37,133,1244
37,138,388
37,141,337
37,142,547
37,144,677
37,154,556
37,158,531
37,159,249
37,164,546
37,174,728
37,178,709
37,180,1138
37,183,262
37,185,704
37,186,339
38,39,1176
38,42,822
38,47,828
38,48,629
38,50,518
38,52,326
38,53,896
38,59,799
38,63,296
38,68,427
38,72,835
38,73,553
38,74,594
38,75,383
38,76,693
38,79,899
38,82,296
38,85,336
38,93,746
38,98,282
38,102,1090
38,104,497
38,109,468
38,115,686
38,117,674
38,123,817
38,128,560
38,129,1408
38,133,786
38,138,1251
38,140,311
38,146,650
38,149,323
38,151,171
38,156,250
38,159,1097
38,160,1703
38,161,824
38,165,875
38,168,424
38,169,1160
38,172,528
38,175,50
38,178,491
38,188,581
38,189,287
38,194,150
38,198,1292
39,43,709
39,46,803
39,50,1450
39,58,637
39,61,723
39,63,1328
39,64,986
39,66,836
39,74,355
39,79,1561
39,89,979
39,90,693
39,93,1510
39,94,779
39,96,598
39,99,1212
39,102,146
39,103,357
39,105,812
39,108,914
39,114,877
39,122,1290
39,125,316
39,128,1052
39,131,692
39,132,291
39,137,1064
39,150,340
39,152,461
39,154,912
39,159,330
39,162,584
39,164,78
39,168,1090
39,171,541
39,172,644
39,174,431
39,176,46
39,180,1117
39,184,863
39,187,767
39,195,748
39,196,523
39,197,865
40,46,265
40,48,409
40,50,1012
40,51,660
40,53,1248
40,57,567
40,60,355
40,64,988
40,70,593
40,73,235
40,75,544
40,78,717
40,81,403
40,84,527
40,89,79
40,91,1665
40,93,210
40,96,488
40,100,883
40,101,703
40,102,1193
40,103,676
40,104,363
40,107,767
40,110,1640
40,111,257
40,115,61
40,120,143
40,121,450
40,133,547
40,135,804
40,145,523
40,150,656
40,153,980
40,154,226
40,161,656
40,173,540
40,174,453
40,176,935
40,180,609
40,182,991
40,184,355
40,193,191
40,198,987
40,199,785
41,42,1104
41,43,387
41,49,1082
41,61,670
41,62,1040
41,66,257
41,67,505
41,77,952
41,79,1034
41,90,623
41,94,238
41,106,751
41,109,255
41,111,995
41,117,525
41,118,806
41,120,1398
41,124,1940
41,135,1491
41,140,465
41,142,224
41,147,1272
41,153,422
41,154,891
41,156,548
41,158,399
41,162,559
41,166,951
41,170,1013
41,171,501
41,176,961
41,180,591
41,183,608
41,184,1222
41,185,493
41,189,129
41,193,1277
41,199,1270
42,45,530
42,46,192
42,47,786
42,52,459
42,60,743
42,64,911
42,65,599
42,68,634
42,71,1059
42,74,479
42,76,365
42,80,833
42,87,148
42,89,109
42,91,965
42,103,488
42,107,603
42,113,973
42,114,1193
42,115,96
42,119,520
42,126,337
42,127,764
42,129,929
42,133,365
42,135,1041
42,137,516
42,138,940
42,139,773
42,141,867
42,146,316
42,151,660
42,153,464
42,154,220
42,155,528
42,162,990
42,165,659
42,168,494
42,170,227
42,174,770
42,176,863
42,177,694
42,183,740
42,185,573
42,186,776
42,189,1088
42,192,1132
42,193,485
42,194,668
42,195,353
43,47,832
43,49,1016
43,55,691
43,57,375
43,61,563
43,65,1016
43,73,1132
43,78,682
43,79,977
43,90,126
43,91,803
43,93,894
43,99,1109
43,101,433
43,106,523
43,107,238
43,111,923
43,113,1074
43,117,226
43,119,647
43,126,705
43,128,183
43,131,506
43,134,1209
43,138,478
43,140,493
43,141,113
43,144,739
43,147,1424
43,153,582
43,154,1070
43,160,732
43,161,688
43,162,269
43,173,1757
43,177,636
43,179,1036
43,180,881
43,182,732
43,192,326
43,197,679
44,45,321
44,47,1556
44,51,253
44,53,1961
44,54,947
44,56,1057
44,60,824
44,62,504
44,64,1346
44,65,907
44,71,835
44,74,797
44,75,513
44,79,189
44,81,362
44,88,661
44,91,1279
44,95,1068
44,96,798
44,97,935
44,99,838
44,102,1420
44,104,624
44,108,596
44,109,1150
44,112,836
44,116,777
44,118,442
44,120,709
44,122,739
44,123,826
44,124,1339
44,134,726
44,135,1669
44,139,839
44,149,18
44,153,418
44,157,497
44,158,498
44,159,945
44,161,1029
44,173,911
44,175,364
44,176,1674
44,178,338
44,186,726
44,187,794
44,195,839
44,199,1823
45,52,212
45,54,1028
45,55,435
45,59,495
45,61,439
45,62,508
45,64,567
45,66,444
45,70,134
45,73,1070
45,74,563
45,75,289
45,77,709
45,80,521
45,84,436
45,92,138
45,99,871
45,101,391
45,102,1026
45,104,481
45,113,612
45,114,323
45,115,862
45,117,517
45,121,344
45,122,203
45,125,691
45,126,246
45,129,905
45,131,340
45,142,114
45,147,1259
45,148,630
45,149,650
45,157,1183
45,158,318
45,163,366
45,165,833
45,171,785
45,174,717
45,187,767
45,190,870
45,195,778
45,197,263
46,47,540
46,49,467
46,60,504
46,63,538
46,64,878
46,65,433
46,68,960
46,69,484
46,74,330
46,75,318
46,77,279
46,78,508
46,83,509
46,84,390
46,91,924
46,92,317
46,104,310
46,108,234
46,111,28
46,112,439
46,115,162
46,117,626
46,119,415
46,121,253
46,124,476
46,132,1067
46,133,483
46,136,448
46,140,413
46,143,734
46,146,100
46,148,682
46,152,332
46,153,361
46,154,212
46,155,746
46,157,456
46,158,597
46,161,483
46,165,451
46,166,550
46,169,529
46,170,599
46,178,333
46,184,363
46,187,482
46,189,649
46,194,654
46,198,824
47,48,211
47,50,822
47,52,597
47,56,358
47,58,641
47,62,846
47,66,692
47,67,535
47,68,965
47,70,635
47,73,677
47,76,368
47,77,546
47,78,164
47,79,996
47,81,1126
47,82,802
47,83,70
47,85,963
47,87,667
47,88,567
47,89,1090
47,91,625
47,93,670
47,95,559
47,96,844
47,97,236
47,108,368
47,109,954
47,112,138
47,114,800
47,118,617
47,119,128
47,127,270
47,129,396
47,130,657
47,131,431
47,133,875
47,135,190
47,137,633
47,144,492
47,145,602
47,148,189
47,150,215
47,151,855
47,152,283
47,153,643
47,159,550
47,161,81
47,164,305
47,171,520
47,176,237
47,177,132
47,180,984
47,183,311
47,187,590
47,190,637
47,196,284
47,197,663
47,198,285
48,51,1308
48,53,754
48,54,528
48,60,295
48,61,246
48,64,1285
48,67,1090
48,68,1488
48,70,967
48,72,450
48,73,238
48,88,353
48,93,498
48,95,593
48,98,358
48,100,382
48,102,893
48,103,341
48,106,396
48,111,255
48,113,136
48,115,356
48,116,445
48,120,566
48,122,597
48,124,410
48,125,512
48,126,819
48,127,589
48,132,981
48,135,353
48,137,464
48,144,409
48,145,427
48,152,235
48,160,339
48,163,453
48,166,207
48,170,651
48,172,767
48,173,219
48,174,127
48,176,827
48,191,573
48,194,1194
48,195,344
48,199,469
49,56,789
49,57,644
49,59,687
49,60,104
49,69,841
49,71,1094
49,74,535
49,79,1020
49,87,550
49,90,988
49,94,1089
49,96,186
49,97,350
49,99,128
49,105,663
49,108,807
49,113,485
49,114,1021
49,117,1097
49,118,682
49,123,329
49,127,646
49,130,738
49,131,972
49,133,905
49,140,622
49,142,1078
49,143,849
49,145,176
49,146,597
49,147,412
49,153,994
49,155,790
49,158,961
49,161,712
49,164,759
49,169,213
49,173,210
49,177,668
49,180,961
49,183,824
49,184,237
49,186,1123
49,188,575
49,189,1942
49,190,165
49,192,1604
49,198,1242
50,52,530
50,58,351
50,61,783
50,63,256
50,64,260
50,68,1098
50,82,260
50,83,1197
50,93,1227
50,97,1908
50,98,523
50,99,1862
50,103,1222
50,104,1108
50,107,559
50,112,920
50,118,710
50,122,332
50,123,950
50,128,267
50,131,887
50,132,1399
50,133,762
50,140,629
50,141,461
50,147,1874
50,153,564
50,154,1123
50,157,940
50,162,844
50,164,998
50,165,1080
50,166,983
50,177,1416
50,180,360
50,186,438
50,187,1071
50,192,190
50,195,1236
50,197,586
50,198,1098
51,53,1179
51,57,579
51,59,469
51,60,806
51,63,403
51,66,649
51,72,1101
51,80,932
51,81,421
51,87,482
51,88,745
51,89,579
51,99,810
51,104,741
51,118,425
51,121,334
51,127,1779
51,131,370
51,132,1523
51,133,462
51,137,953
51,138,979
51,140,549
51,141,1070
51,142,205
51,145,923
51,147,998
51,148,785
51,150,1306
51,156,83
51,158,671
51,160,1103
51,163,283
51,164,2008
51,165,1721
51,166,1201
51,168,185
51,169,1878
51,171,1122
51,174,785
51,179,925
51,183,975
51,185,148
51,186,472
51,188,380
51,189,722
51,199,1392
52,57,392
52,60,725
52,62,301
52,64,850
52,70,153
52,79,461
52,84,596
52,89,364
52,94,281
52,96,569
52,98,145
52,103,422
52,105,392
52,108,251
52,116,1045
52,119,528
52,120,458
52,121,118
52,130,217
52,131,189
52,133,324
52,134,571
52,135,1152
52,138,811
52,140,389
52,141,721
52,149,305
52,153,166
52,154,744
52,158,380
52,171,912
52,174,1042
52,176,1102
52,178,585
52,180,432
52,183,636
52,186,384
52,187,871
52,192,737
52,195,703
52,196,663
52,199,704
53,56,151
53,61,811
53,65,632
53,72,347
53,86,1094
53,87,1413
53,94,729
53,97,576
53,103,592
53,108,782
53,109,943
53,111,707
53,115,860
53,116,930
53,119,564
53,120,940
53,123,591
53,138,65
53,139,538
53,140,648
53,146,706
53,148,268
53,150,456
53,159,294
53,161,568
53,165,1307
53,167,785
53,168,1480
53,170,1171
53,172,937
53,174,559
53,175,927
53,177,469
53,182,845
53,183,244
53,188,680
53,189,851
53,192,1449
53,194,1070
53,199,157
54,56,210
54,58,468
54,66,961
54,73,447
54,74,316
54,78,198
54,80,155
54,82,716
54,89,1355
54,94,582
54,102,295
54,103,272
54,104,327
54,106,59
54,107,387
54,109,659
54,111,642
54,114,934
54,118,779
54,121,596
54,122,560
54,127,227
54,128,661
54,131,432
54,132,356
54,133,913
54,137,739
54,140,390
54,144,856
54,148,85
54,152,291
54,153,675
54,161,216
54,166,482
54,170,759
54,173,444
54,178,1159
54,179,296
54,180,835
54,181,642
54,187,691
54,189,650
54,192,830
54,194,674
54,195,983
54,196,637
54,197,652
55,57,313
55,59,530
55,60,609
55,63,636
55,67,447
55,68,812
55,69,317
55,70,319
55,71,484
55,72,444
55,73,281
55,74,249
55,77,380
55,83,482
55,84,148
55,88,361
55,89,404
55,93,386
55,94,584
55,98,309
55,102,1041
55,103,223
55,104,74
55,106,487
55,108,120
55,112,478
55,113,272
55,115,318
55,120,414
55,122,468
55,124,587
55,125,982
55,129,677
55,130,227
55,131,144
55,132,706
55,134,324
55,137,777
55,138,923
55,139,482
55,143,488
55,145,584
55,146,290
55,147,715
55,150,293
55,155,306
55,160,635
55,162,901
55,166,391
55,167,341
55,168,515
55,170,818
55,184,373
55,185,537
55,188,140
55,194,472
55,196,363
55,199,676
56,60,916
56,62,1066
56,63,791
56,69,172
56,74,393
56,75,464
56,83,596
56,84,638
56,88,872
56,96,681
56,100,510
56,103,559
56,104,487
56,105,1065
56,106,144
56,109,589
56,110,433
56,113,306
56,114,709
56,115,865
56,118,1181
56,128,720
56,134,655
56,138,242
56,141,324
56,142,778
56,155,466
56,156,1152
56,157,896
56,161,306
56,166,423
56,167,756
56,173,621
56,177,257
56,178,1206
56,180,1033
56,186,506
56,189,628
56,190,942
56,193,1014
56,196,886
56,197,769
56,198,340
56,199,45
57,63,348
57,65,580
57,69,185
57,71,405
57,74,171
57,76,328
57,78,420
57,79,1283
57,82,493
57,86,865
57,90,591
57,95,248
57,97,894
57,100,358
57,105,600
57,106,402
57,108,143
57,110,384
57,114,485
57,119,351
57,122,386
57,127,448
57,128,531
57,134,430
57,135,462
57,141,372
57,142,621
57,143,776
57,149,688
57,151,629
57,156,715
57,158,481
57,161,482
57,165,662
57,169,982
57,170,604
57,173,520
57,175,422
57,189,473
57,190,706
57,193,806
57,195,664
57,197,618
57,198,501
58,60,878
58,61,451
58,64,277
58,66,157
58,68,782
58,72,1046
58,73,1112
58,74,452
58,80,502
58,86,1121
58,87,806
58,92,391
58,96,1114
58,97,1270
58,99,1705
58,106,475
58,108,650
58,111,906
58,114,276
58,117,176
58,120,939
58,123,705
58,124,1046
58,125,770
58,128,179
58,129,642
58,134,806
58,137,1095
58,139,40
58,148,404
58,152,410
58,154,783
58,155,174
58,157,1644
58,165,1570
58,166,733
58,168,746
58,171,212
58,173,1327
58,174,1079
58,177,626
58,180,637
58,181,83
58,187,903
58,194,257
58,196,842
59,62,363
59,70,754
59,72,922
59,74,823
59,78,1140
59,81,38
59,88,367
59,105,297
59,107,756
59,108,866
59,111,394
59,114,1389
59,116,636
59,117,1192
59,119,913
59,120,378
59,123,670
59,126,475
59,127,1069
59,136,647
59,138,1111
59,140,541
59,146,368
59,147,868
59,148,1311
59,149,312
59,150,1119
59,153,435
59,156,348
59,157,242
59,161,883
59,162,1009
59,169,734
59,173,859
59,177,1074
59,181,1188
59,182,553
59,184,626
59,187,511
59,191,304
59,194,624
59,197,277
60,62,364
60,68,1624
60,69,828
60,72,474
60,76,398
60,77,160
60,81,854
60,86,631
60,91,1136
60,92,1033
60,93,958
60,96,44
60,97,310
60,105,404
60,110,969
60,111,382
60,116,188
60,120,261
60,130,595
60,138,872
60,140,975
60,156,848
60,157,448
60,160,456
60,161,403
60,165,98
60,168,716
60,171,1554
60,173,235
60,179,385
60,181,1080
60,182,906
60,183,740
60,189,1541
60,191,479
60,193,277
60,194,852
60,195,113
60,198,713
61,68,600
61,78,715
61,80,327
61,89,344
61,91,878
61,92,241
61,93,516
61,96,408
61,97,790
61,98,131
61,101,153
61,106,458
61,109,702
61,114,524
61,116,543
61,119,301
61,120,597
61,121,202
61,126,382
61,127,576
61,134,401
61,137,613
61,138,629
61,143,685
61,145,586
61,146,104
61,160,678
61,165,726
61,168,450
61,176,1169
61,178,445
61,180,466
61,182,609
61,184,332
61,185,415
61,186,474
61,188,91
61,192,746
61,195,458
61,196,404
61,197,275
62,74,476
62,80,475
62,89,105
62,90,993
62,92,401
62,93,175
62,96,614
62,97,547
62,99,310
62,105,39
62,108,385
62,109,1017
62,110,819
62,114,766
62,121,217
62,130,356
62,132,982
62,140,417
62,146,212
62,149,777
62,152,400
62,158,767
62,160,693
62,163,198
62,167,857
62,178,239
62,179,639
62,181,696
62,183,1426
62,185,479
62,188,263
62,198,841
63,65,730
63,70,218
63,71,564
63,77,1319
63,79,688
63,85,559
63,87,488
63,88,870
63,96,1489
63,99,1385
63,105,765
63,111,507
63,114,152
63,115,650
63,116,859
63,122,97
63,126,462
63,129,799
63,131,317
63,135,1029
63,138,739
63,140,285
63,142,277
63,146,458
63,147,826
63,148,516
63,160,819
63,162,588
63,164,813
63,165,1034
63,170,589
63,171,383
63,172,309
63,174,843
63,175,177
63,178,674
63,179,1458
63,182,187
63,184,808
63,188,430
63,190,950
63,191,1431
63,195,881
63,196,1507
63,199,532
64,68,1528
64,76,1158
64,77,1082
64,81,950
64,85,853
64,89,957
64,90,246
64,91,1293
64,92,775
64,94,385
64,96,1744
64,105,944
64,108,885
64,109,49
64,110,161
64,111,784
64,115,931
64,117,331
64,123,1537
64,126,1427
64,128,87
64,132,608
64,135,1418
64,139,328
64,140,533
64,147,1037
64,150,847
64,153,604
64,155,373
64,158,434
64,159,487
64,162,367
64,164,850
64,166,983
64,168,939
64,173,1025
64,176,819
64,177,800
64,179,953
64,185,546
64,187,1118
64,193,1221
64,194,434
64,196,1606
65,67,1318
65,68,892
65,70,743
65,73,270
65,75,621
65,78,164
65,79,932
65,82,830
65,85,962
65,86,665
65,92,694
65,95,622
65,96,245
65,97,121
65,103,469
65,108,650
65,111,366
65,117,725
65,122,648
65,123,113
65,124,497
65,126,861
65,133,804
65,135,217
65,143,750
65,144,641
65,152,541
65,155,581
65,163,738
65,165,221
65,176,606
65,178,1073
65,187,439
65,193,886
65,196,165
65,198,704
65,199,427
66,69,825
66,75,654
66,78,860
66,91,724
66,94,386
66,95,317
66,97,1179
66,103,562
66,104,673
66,112,929
66,113,714
66,116,1100
66,117,261
66,118,1234
66,124,1125
66,127,837
66,128,41
66,129,749
66,130,502
66,133,962
66,138,727
66,139,129
66,142,441
66,147,1568
66,149,807
66,159,551
66,161,779
66,162,496
66,163,1108
66,164,818
66,172,107
66,181,429
66,183,831
66,186,335
66,189,216
66,192,171
66,194,474
66,197,666
67,68,1458
67,71,194
67,75,330
67,77,1241
67,81,1036
67,82,629
67,83,789
67,84,369
67,88,1456
67,90,127
67,92,367
67,94,381
67,95,139
67,100,455
67,111,568
67,113,491
67,118,831
67,119,591
67,123,758
67,130,395
67,133,968
67,138,786
67,141,182
67,143,584
67,148,392
67,149,757
67,150,650
67,154,771
67,156,659
67,157,1606
67,162,270
67,164,675
67,165,936
67,166,844
67,171,194
67,172,126
67,175,434
67,177,594
67,181,65
67,185,424
67,188,487
67,189,314
67,190,1040
67,191,1669
67,194,289
67,196,796
67,197,1082
67,198,741
68,70,450
68,73,1105
68,76,778
68,87,563
68,96,993
68,97,1020
68,101,686
68,107,1450
68,112,944
68,114,626
68,122,607
68,123,1629
68,124,799
68,126,244
68,127,1283
68,129,1201
68,130,555
68,131,746
68,138,1533
68,139,1402
68,141,1204
68,144,495
68,145,951
68,147,1456
68,148,962
68,151,535
68,155,1007
68,162,1056
68,169,1241
68,172,921
68,174,971
68,175,459
68,178,258
68,180,552
68,186,797
68,187,729
68,190,857
68,194,573
68,195,767
68,196,1369
68,199,1071
69,70,528
69,74,158
69,79,1170
69,81,793
69,83,242
69,86,678
69,93,684
69,94,535
69,100,398
69,102,417
69,105,667
69,106,112
69,111,862
69,112,70
69,113,209
69,120,885
69,122,515
69,125,224
69,127,410
69,128,1126
69,138,328
69,139,450
69,140,331
69,141,387
69,144,716
69,145,1209
69,151,717
69,152,243
69,154,589
69,156,827
69,157,890
69,158,761
69,159,319
69,161,226
69,162,340
69,164,357
69,168,813
69,171,411
69,172,486
69,176,467
69,178,812
69,179,345
69,180,749
69,182,1194
69,184,502
69,194,632
69,195,630
69,196,394
70,71,805
70,73,430
70,75,199
70,77,1092
70,79,789
70,81,475
70,83,630
70,86,507
70,90,530
70,91,1405
70,95,485
70,98,145
70,100,170
70,108,228
70,110,480
70,112,480
70,120,540
70,130,73
70,134,535
70,135,739
70,137,899
70,141,516
70,145,841
70,146,418
70,147,757
70,148,955
70,149,415
70,150,582
70,158,176
70,162,584
70,170,413
70,171,585
70,173,714
70,178,459
70,179,821
70,181,376
70,183,690
70,188,221
70,192,663
70,195,951
70,196,671
71,73,646
71,76,540
71,78,481
71,91,421
71,92,731
71,99,1009
71,103,301
71,105,816
71,108,404
71,110,271
71,114,560
71,115,725
71,117,82
71,120,1064
71,125,183
71,126,673
71,131,509
71,138,430
71,141,155
71,146,537
71,151,621
71,153,528
71,156,1079
71,160,728
71,162,257
71,163,711
71,168,894
71,182,730
71,183,119
71,184,617
71,187,853
71,191,890
71,194,455
72,81,1228
72,82,990
72,83,87
72,84,415
72,86,820
72,87,811
72,88,1099
72,89,857
72,90,1025
72,96,730
72,101,427
72,105,940
72,113,353
72,114,1501
72,130,912
72,135,38
72,137,751
72,140,646
72,149,1215
72,152,667
72,153,803
72,155,634
72,158,1375
72,162,556
72,163,1270
72,168,941
72,174,314
72,175,1065
72,182,876
72,183,395
72,184,473
72,191,805
72,192,1483
73,75,389
73,78,498
73,80,325
73,84,285
73,85,961
73,86,439
73,91,974
73,92,432
73,93,479
73,94,559
73,100,594
73,104,137
73,112,381
73,117,657
73,125,645
73,126,608
73,127,544
73,135,477
73,138,1145
73,140,321
73,143,1047
73,144,157
73,145,427
73,150,276
73,156,744
73,157,354
73,159,738
73,162,1079
73,163,370
73,165,300
73,168,581
73,174,221
73,179,626
73,183,603
73,190,349
73,191,645
73,192,922
73,193,454
73,196,297
74,75,316
74,79,980
74,84,161
74,89,590
74,91,463
74,93,544
74,95,690
74,105,523
74,108,213
74,115,555
74,118,721
74,119,218
74,121,486
74,126,578
74,130,375
74,132,592
74,133,890
74,134,500
74,135,296
74,136,677
74,138,476
74,143,1029
74,145,965
74,146,479
74,147,402
74,152,141
74,156,735
74,158,782
74,159,420
74,164,441
74,168,922
74,170,597
74,173,366
74,174,302
74,177,296
74,178,755
74,186,407
74,188,584
74,193,791
74,194,555
74,197,629
75,78,559
75,80,287
75,86,542
75,87,302
75,91,789
75,94,245
75,95,310
75,98,124
75,99,649
75,105,470
75,106,639
75,110,381
75,111,494
75,115,461
75,123,874
75,124,754
75,125,483
75,126,572
75,127,831
75,135,680
75,150,472
75,155,111
75,157,579
75,158,177
75,160,843
75,162,618
75,163,389
75,167,613
75,168,456
75,171,451
75,173,782
75,174,514
75,177,783
75,178,849
75,179,609
75,180,370
75,181,292
75,183,384
75,187,903
76,80,289
76,81,427
76,82,756
76,86,585
76,93,309
76,94,495
76,97,564
76,102,739
76,103,275
76,105,385
76,106,453
76,108,244
76,109,1391
76,112,350
76,113,307
76,114,1064
76,122,557
76,126,513
76,130,314
76,138,754
76,140,388
76,142,589
76,150,440
76,153,495
76,155,456
76,157,345
76,158,502
76,165,446
76,169,508
76,175,673
76,178,546
76,183,621
76,185,549
76,188,183
76,189,802
76,192,1035
76,197,511
77,78,622
77,79,725
77,80,664
77,85,852
77,88,193
77,90,969
77,95,997
77,110,1226
77,111,317
77,112,560
77,115,353
77,127,996
77,129,812
77,130,534
77,131,618
77,132,954
77,139,947
77,144,266
77,146,744
77,147,675
77,149,1011
77,154,122
77,157,283
77,158,753
77,160,1121
77,172,975
77,173,284
77,174,302
77,180,760
77,187,98
77,190,167
77,196,315
78,79,1289
78,82,872
78,84,444
78,85,1167
78,87,645
78,93,877
78,95,584
78,105,744
78,106,207
78,107,657
78,108,697
78,121,1032
78,122,662
78,123,285
78,126,1082
78,129,322
78,132,578
78,135,69
78,138,458
78,140,481
78,146,900
78,152,681
78,159,489
78,160,150
78,162,547
78,164,251
78,169,600
78,175,1093
78,178,1420
78,179,152
78,180,879
78,182,1067
78,187,965
78,188,521
78,194,807
78,197,1399
79,84,733
79,86,414
79,87,530
79,91,2173
79,92,1015
79,106,1336
79,110,1518
79,120,831
79,123,1066
79,128,1392
79,131,640
79,135,1121
79,136,429
79,140,804
79,142,517
79,143,467
79,145,1301
79,146,727
79,149,187
79,154,669
79,155,923
79,157,491
79,161,1931
79,164,2329
79,165,1835
79,168,247
79,172,1262
79,180,683
79,183,1178
79,184,1264
79,186,760
79,188,596
79,190,925
79,195,859
79,197,407
80,81,996
80,82,1071
80,84,156
80,85,1213
80,86,576
80,87,660
80,98,488
80,103,28
80,104,257
80,118,536
80,120,495
80,122,410
80,132,481
80,134,648
80,137,662
80,150,255
80,152,130
80,155,358
80,157,637
80,163,483
80,167,288
80,171,457
80,172,666
80,173,441
80,175,750
80,177,437
80,178,1246
80,179,355
80,180,1213
80,190,627
80,194,529
81,82,616
81,84,677
81,86,179
81,87,283
81,88,453
81,90,893
81,93,155
81,97,1256
81,98,448
81,100,475
81,101,1009
81,102,1407
81,103,665
81,106,921
81,107,1149
81,112,803
81,113,765
81,118,172
81,125,1175
81,136,528
81,142,739
81,143,328
81,146,332
81,152,655
81,153,402
81,154,492
81,155,621
81,167,765
81,173,789
81,175,525
81,183,877
81,188,390
81,193,449
81,194,701
82,86,467
82,87,1013
82,89,697
82,93,604
82,95,659
82,102,986
82,107,647
82,109,424
82,112,795
82,113,870
82,119,771
82,123,1163
82,127,953
82,130,362
82,131,403
82,133,593
82,137,1098
82,140,721
82,149,630
82,150,1210
82,152,525
82,155,272
82,156,444
82,157,1428
82,158,171
82,160,1217
82,164,969
82,170,947
82,172,420
82,179,1008
82,184,1199
82,189,159
82,193,1111
82,194,117
82,198,1484
83,85,1326
83,88,664
83,95,511
83,96,410
83,99,801
83,100,501
83,102,369
83,103,237
83,110,666
83,112,372
83,113,304
83,115,871
83,117,523
83,120,974
83,124,933
83,126,942
83,128,948
83,132,457
83,133,1480
83,135,118
83,148,272
83,152,334
83,153,704
83,154,688
83,156,1142
83,158,655
83,164,257
83,165,385
83,166,200
83,167,145
83,168,1196
83,169,566
83,171,861
83,175,809
83,177,117
83,178,987
83,187,773
83,194,803
84,88,515
84,93,520
84,94,370
84,95,331
84,97,619
84,99,996
84,100,198
84,101,36
84,104,150
84,106,567
84,107,365
84,114,512
84,115,561
84,123,625
84,126,489
84,134,385
84,141,649
84,143,721
84,144,310
84,149,648
84,155,258
84,161,440
84,163,487
84,167,563
84,169,778
84,170,593
84,171,458
84,172,529
84,173,781
84,178,574
84,185,528
84,189,695
84,193,616
84,196,574
85,87,647
85,91,1220
85,95,819
85,97,898
85,100,748
85,101,634
85,102,1211
85,104,900
85,105,522
85,118,568
85,119,873
85,123,913
85,124,987
85,128,894
85,130,391
85,140,732
85,141,1117
85,145,1021
85,147,1434
85,148,1278
85,156,128
85,159,945
85,160,1706
85,161,920
85,163,312
85,175,455
85,178,459
85,179,961
85,180,379
85,181,749
85,182,724
85,184,852
85,188,420
85,189,786
85,191,385
85,193,1268
85,194,728
85,195,852
85,199,922
86,89,295
86,90,731
86,96,844
86,101,754
86,103,540
86,106,748
86,107,558
86,110,728
86,111,420
86,115,357
86,120,487
86,122,450
86,126,80
86,127,1575
86,128,862
86,129,1731
86,133,272
86,138,1169
86,140,363
86,146,233
86,148,796
86,153,381
86,155,504
86,161,762
86,168,124
86,169,894
86,177,1115
86,178,202
86,181,628
86,189,565
86,190,668
86,195,614
86,197,73
87,88,281
87,90,660
87,96,491
87,97,900
87,98,178
87,99,448
87,103,436
87,104,226
87,112,777
87,114,993
87,116,573
87,117,1163
87,122,605
87,124,526
87,126,262
87,133,471
87,136,271
87,144,116
87,145,479
87,152,513
87,157,313
87,158,447
87,160,662
87,161,561
87,166,586
87,167,724
87,170,253
87,171,745
87,172,702
87,173,963
87,179,638
87,182,523
87,184,565
87,185,460
87,186,477
87,188,118
87,192,967
87,196,469
88,90,875
88,92,666
88,93,413
88,95,963
88,98,660
88,100,513
88,102,1053
88,103,547
88,104,499
88,105,117
88,108,658
88,112,577
88,115,83
88,117,906
88,122,665
88,125,833
88,126,479
88,127,1342
88,132,1201
88,137,399
88,138,900
88,140,495
88,142,707
88,143,1069
88,146,319
88,150,433
88,160,675
88,161,725
88,162,920
88,164,847
88,165,460
88,167,855
88,169,459
88,170,385
88,171,910
88,172,1569
88,178,320
88,179,549
88,180,927
88,181,1463
88,182,704
88,194,731
88,195,201
88,198,830
89,95,1199
89,98,485
89,101,568
89,105,47
89,106,811
89,108,687
89,110,953
89,111,407
89,113,640
89,114,1470
89,115,181
89,116,296
89,119,759
89,121,206
89,124,428
89,125,891
89,126,349
89,127,998
89,131,517
89,136,417
89,138,1120
89,139,799
89,147,921
89,148,866
89,151,717
89,153,525
89,160,786
89,167,643
89,168,424
89,172,927
89,182,1086
89,184,502
89,185,492
89,186,664
89,188,285
89,189,942
89,190,622
89,195,600
89,197,400
89,198,1204
90,91,509
90,98,739
90,100,458
90,102,858
90,103,416
90,104,583
90,106,562
90,108,653
90,111,902
90,116,1103
90,120,1674
90,122,356
90,126,1334
90,127,724
90,128,258
90,130,600
90,131,645
90,132,568
90,138,612
90,139,152
90,141,56
90,143,821
90,151,517
90,153,543
90,165,931
90,169,1313
90,170,1484
90,172,115
90,179,977
90,181,117
90,182,577
90,183,233
90,185,553
90,187,967
90,188,571
90,191,1496
90,194,494
90,195,923
90,196,783
90,197,898
91,96,1499
91,97,733
91,103,473
91,108,647
91,110,744
91,121,1492
91,122,721
91,127,562
91,140,854
91,141,467
91,144,1559
91,146,917
91,149,1235
91,154,974
91,155,906
91,161,402
91,166,488
91,167,564
91,170,1049
91,171,681
91,172,662
91,173,1157
91,174,647
91,180,1308
91,182,997
91,194,854
91,196,826
91,199,453
92,94,174
92,104,347
92,108,209
92,112,455
92,115,565
92,116,917
92,117,765
92,120,634
92,121,437
92,123,558
92,127,753
92,133,520
92,134,474
92,136,94
92,139,469
92,141,576
92,145,730
92,151,417
92,152,274
92,155,179
92,160,788
92,163,243
92,168,331
92,170,589
92,171,537
92,172,505
92,173,992
92,174,575
92,175,141
92,179,1034
92,187,698
92,188,200
92,189,423
92,190,760
92,191,507
92,193,690
92,199,554
93,98,451
93,103,542
93,108,407
93,113,613
93,115,327
93,117,1171
93,120,272
93,121,134
93,124,516
93,128,854
93,131,329
93,134,712
93,136,559
93,142,958
93,147,710
93,149,583
93,152,444
93,157,199
93,159,1197
93,161,1199
93,162,876
93,163,199
93,164,1000
93,168,247
93,178,126
93,183,790
93,184,881
93,185,402
93,186,684
93,188,317
93,191,262
93,196,723
93,197,301
94,100,217
94,104,833
94,105,692
94,107,250
94,111,502
94,120,1278
94,121,590
94,129,795
94,130,408
94,134,1136
94,136,197
94,138,837
94,139,399
94,142,148
94,153,165
94,156,451
94,166,797
94,170,479
94,171,457
94,172,373
94,175,105
94,182,140
94,183,921
94,185,171
94,192,402
94,197,524
95,97,660
95,98,689
95,100,411
95,102,786
95,103,622
95,113,426
95,116,1550
95,117,83
95,126,782
95,130,734
95,133,1109
95,142,762
95,151,494
95,156,1111
95,164,680
95,165,891
95,169,1238
95,170,725
95,174,653
95,175,747
95,177,498
95,182,643
95,186,164
95,187,1093
95,189,568
95,192,603
95,194,491
96,97,429
96,99,155
96,105,544
96,106,618
96,107,733
96,108,918
96,109,1046
96,110,957
96,112,482
96,118,768
96,119,300
96,125,810
96,132,794
96,133,1238
96,135,614
96,136,662
96,140,532
96,142,888
96,144,326
96,152,443
96,155,707
96,157,444
96,160,710
96,162,848
96,168,759
96,170,901
96,175,754
96,179,536
96,181,954
96,183,796
96,185,1072
96,186,749
96,190,199
96,191,466
96,196,172
96,198,678
96,199,702
97,99,395
97,102,508
97,107,814
97,108,893
97,114,1792
97,115,749
97,116,418
97,117,905
97,122,712
97,123,187
97,129,880
97,132,598
97,133,869
97,137,417
97,146,533
97,147,56
97,149,953
97,150,113
97,151,1437
97,158,1080
97,160,320
97,161,185
97,164,392
97,166,87
97,167,100
97,168,1348
97,172,833
97,175,1194
97,177,252
97,179,94
97,180,925
97,181,715
97,182,894
97,186,750
97,190,439
97,192,1135
97,193,761
97,196,78
97,197,1163
97,199,876
98,101,196
98,103,322
98,106,489
98,111,190
98,112,456
98,114,496
98,115,341
98,117,600
98,118,259
98,120,485
98,122,471
98,123,550
98,124,840
98,140,95
98,142,396
98,146,112
98,147,627
98,149,463
98,154,501
98,155,392
98,165,612
98,169,1082
98,174,468
98,181,398
98,184,475
98,189,839
98,198,1049
99,104,646
99,107,802
99,115,465
99,118,429
99,120,255
99,122,1289
99,125,1565
99,130,680
99,131,612
99,132,1529
99,134,236
99,136,671
99,139,1015
99,140,629
99,144,445
99,146,446
99,148,787
99,149,999
99,150,404
99,154,165
99,158,815
99,161,666
99,164,1360
99,166,500
99,167,509
99,168,650
99,176,969
99,188,568
99,189,1179
99,191,430
99,192,2201
99,193,90
99,194,1029
99,195,58
99,196,318
99,197,660
100,103,288
100,104,321
100,110,506
100,111,264
100,115,466
100,117,563
100,120,598
100,121,393
100,130,142
100,131,85
100,136,192
100,140,101
100,141,546
100,142,318
100,145,827
100,146,189
100,148,650
100,153,196
100,160,973
100,164,1282
100,168,455
100,172,451
100,174,490
100,179,633
100,189,573
101,103,155
101,109,563
101,113,318
101,122,282
101,123,374
101,125,410
101,126,781
101,127,550
101,132,493
101,135,506
101,150,488
101,151,541
101,153,359
101,157,785
101,158,392
101,160,541
101,166,421
101,167,726
101,168,551
101,172,533
101,173,812
101,178,780
101,179,719
101,181,300
101,182,460
101,190,648
101,199,315
102,104,745
102,106,262
102,114,1702
102,115,1554
102,117,495
102,119,744
102,121,878
102,125,282
102,126,1015
102,127,407
102,129,51
102,130,838
102,134,934
102,135,304
102,140,689
102,141,522
102,145,927
102,147,510
102,148,289
102,155,759
102,161,454
102,171,552
102,172,848
102,173,1232
102,174,960
102,177,445
102,178,1400
102,179,520
102,183,390
102,186,733
102,189,862
102,190,956
103,105,492
103,106,210
103,109,782
103,117,373
103,119,181
103,124,621
103,128,668
103,131,269
103,133,940
103,142,1049
103,145,638
103,150,434
103,156,704
103,158,534
103,170,849
103,171,448
103,173,706
103,177,484
103,181,415
103,187,738
103,189,765
103,190,766
103,196,350
103,198,468
104,107,411
104,108,191
104,110,1104
104,114,626
104,119,231
104,123,365
104,124,480
104,126,603
104,128,737
104,141,922
104,143,703
104,144,215
104,147,387
104,151,642
104,152,205
104,154,308
104,155,471
104,156,1117
104,162,580
104,163,334
104,165,411
104,170,679
104,173,338
104,178,501
104,184,326
104,188,186
104,191,454
104,193,551
104,195,499
104,196,436
105,110,1061
105,115,48
105,116,276
105,118,144
105,126,604
105,127,771
105,132,1123
105,133,343
105,134,304
105,138,1560
105,139,898
105,145,374
105,146,239
105,148,1140
105,151,875
105,152,673
105,155,944
105,163,311
105,164,907
105,170,300
105,172,1505
105,184,376
105,186,1024
105,187,308
105,191,132
105,194,1092
106,109,652
106,110,668
106,114,843
106,116,1171
106,117,658
106,119,416
106,121,1066
106,122,575
106,123,446
106,127,283
106,128,615
106,133,926
106,136,719
106,139,503
106,143,1065
106,145,731
106,147,377
106,150,286
106,152,312
106,155,467
106,160,243
106,166,317
106,171,419
106,176,277
106,177,211
106,178,1147
106,181,463
106,182,1288
106,183,185
106,187,702
106,188,510
106,190,1108
106,196,406
106,198,245
107,113,707
107,124,1542
107,125,397
107,127,650
107,132,503
107,138,480
107,149,711
107,150,729
107,154,689
107,159,515
107,160,1087
107,172,257
107,174,621
107,175,370
107,176,566
107,177,512
107,178,736
107,179,646
107,183,291
107,184,1073
107,187,1436
107,188,596
107,192,433
107,196,966
108,109,568
108,113,350
108,115,435
108,116,801
108,117,742
108,118,530
108,120,434
108,122,254
108,129,602
108,135,622
108,136,280
108,138,886
108,140,61
108,143,399
108,144,279
108,145,895
108,151,475
108,156,653
108,166,470
108,167,424
108,170,694
108,172,557
108,175,331
108,177,531
108,178,538
108,180,613
108,184,652
108,193,582
108,197,390
109,113,826
109,114,343
109,115,946
109,117,351
109,120,966
109,122,516
109,124,1452
109,126,1254
109,127,1543
109,128,97
109,133,919
109,137,1254
109,149,838
109,150,953
109,151,609
109,152,1101
109,155,469
109,159,519
109,160,1004
109,164,1452
109,165,1062
109,172,149
109,174,936
109,175,428
109,178,1806
109,179,1131
109,181,422
109,182,414
109,183,613
109,184,1308
109,187,1652
109,189,184
109,191,1275
109,193,1129
109,194,362
109,199,662
110,113,562
110,118,799
110,119,804
110,121,694
110,124,2014
110,125,382
110,128,136
110,138,987
110,142,638
110,146,614
110,149,839
110,150,712
110,152,480
110,153,735
110,155,296
110,156,745
110,161,1005
110,163,714
110,164,1188
110,166,800
110,168,851
110,169,1258
110,170,790
110,172,19
110,181,158
110,182,463
110,184,1018
110,187,1265
110,188,593
110,191,1615
110,192,282
110,193,1015
110,199,530
111,112,396
111,115,310
111,117,738
111,121,162
111,124,474
111,131,213
111,134,182
111,136,491
111,146,178
111,151,643
111,153,443
111,154,223
111,159,925
111,162,807
111,164,711
111,168,471
111,171,765
111,172,718
111,174,333
111,175,860
111,179,498
111,180,923
111,183,770
111,185,419
111,189,945
111,195,369
111,196,384
112,115,549
112,116,644
112,127,312
112,133,1458
112,140,377
112,144,513
112,146,481
112,147,510
112,151,1250
112,154,931
112,157,751
112,158,515
112,160,441
112,161,298
112,163,548
112,166,473
112,171,409
112,172,486
112,173,546
112,176,399
112,177,285
112,179,357
112,183,213
112,185,958
112,187,697
112,191,850
112,192,732
112,199,173
113,117,779
113,119,102
113,120,481
113,129,586
113,130,706
113,134,341
113,140,344
113,142,668
113,145,688
113,146,484
113,148,241
113,153,761
113,155,790
113,158,594
113,161,195
113,163,497
113,165,386
113,169,1030
113,170,631
113,176,349
113,184,502
113,189,1148
113,193,993
113,198,448
114,117,612
114,120,1108
114,123,890
114,126,478
114,127,1787
114,128,237
114,132,889
114,136,641
114,137,1210
114,141,453
114,143,386
114,144,670
114,145,1045
114,148,682
114,151,134
114,153,307
114,164,988
114,170,857
114,175,210
114,176,906
114,178,744
114,179,942
114,186,262
114,188,604
114,194,185
114,195,1352
114,199,662
115,116,250
115,117,814
115,119,830
115,122,944
115,123,376
115,124,406
115,125,814
115,131,568
115,136,479
115,137,532
115,139,776
115,143,479
115,145,342
115,149,669
115,158,801
115,160,742
115,161,958
115,163,231
115,166,542
115,167,500
115,173,495
115,174,394
115,176,1323
115,177,815
115,180,1018
115,181,998
115,182,908
115,187,242
115,189,798
115,195,323
115,197,517
116,117,915
116,125,963
116,126,635
116,129,1065
116,134,351
116,144,487
116,150,424
116,155,996
116,156,869
116,162,1581
116,173,331
116,174,536
116,176,825
116,177,643
116,178,503
116,182,882
116,183,813
116,184,307
116,185,799
116,187,9
116,194,1270
116,199,934
117,120,830
117,122,487
117,127,567
117,132,370
117,135,617
117,136,554
117,137,1491
117,140,384
117,145,976
117,149,853
117,150,672
117,152,481
117,153,579
117,155,396
117,156,1186
117,158,352
117,161,551
117,164,646
117,167,622
117,168,803
117,169,1376
117,170,786
117,175,495
117,179,667
117,181,158
117,182,544
117,194,756
117,199,379
118,120,401
118,123,471
118,128,746
118,142,798
118,145,561
118,153,394
118,155,479
118,160,935
118,161,672
118,162,969
118,164,902
118,166,702
118,171,804
118,175,463
118,184,776
118,187,412
118,189,788
118,194,614
118,195,485
118,197,136
118,198,916
119,122,753
119,123,225
119,126,647
119,129,436
119,130,635
119,134,334
119,137,861
119,149,853
119,156,843
119,159,460
119,160,251
119,163,601
119,165,297
119,168,1015
119,173,421
119,174,141
119,179,191
119,182,926
119,183,400
119,184,187
119,186,522
119,187,512
119,189,1429
119,194,943
119,196,194
120,123,496
120,125,903
120,128,1576
120,130,593
120,132,1451
120,133,506
120,135,653
120,142,712
120,146,432
120,147,534
120,152,445
120,157,240
120,164,903
120,167,584
120,180,666
120,184,307
120,185,592
120,187,154
120,191,208
120,192,1172
120,193,160
120,198,819
121,124,642
121,131,201
121,132,905
121,136,243
121,138,889
121,142,551
121,144,207
121,146,143
121,148,610
121,161,615
121,164,883
121,166,724
121,167,1004
121,169,881
121,170,180
121,172,1304
121,174,494
121,179,644
121,182,545
121,184,426
121,185,321
121,194,471
121,196,536
122,125,650
122,126,386
122,127,1167
122,131,250
122,134,903
122,138,1127
122,142,405
122,145,1088
122,146,356
122,148,795
122,150,715
122,151,470
122,156,458
122,159,511
122,161,842
122,162,540
122,164,803
122,170,497
122,175,221
122,191,670
122,192,597
122,194,136
122,197,412
123,125,604
123,138,910
123,139,835
123,140,427
123,144,431
123,148,540
123,150,120
123,151,857
123,153,656
123,157,928
123,158,792
123,165,168
123,167,230
123,172,1454
123,174,64
123,176,478
123,178,610
123,180,847
123,181,1268
123,186,1226
123,190,465
123,193,346
123,197,548
123,199,510
124,135,1032
124,147,822
124,148,1259
124,149,835
124,151,1541
124,152,705
124,153,889
124,154,313
124,158,1315
124,161,820
124,162,1503
124,166,473
124,168,706
124,169,142
124,172,1126
124,177,740
124,180,1503
124,191,557
124,192,1248
125,126,826
125,128,625
125,131,611
125,132,193
125,139,400
125,140,805
125,143,1356
125,144,714
125,146,640
125,147,991
125,150,505
125,156,1840
125,158,564
125,159,76
125,161,393
125,169,1158
125,172,692
125,173,894
125,174,582
125,176,409
125,177,329
125,179,742
125,180,1567
125,185,1197
125,188,626
125,191,958
125,195,839
125,199,112
126,129,1025
126,140,460
126,141,725
126,150,1194
126,157,451
126,158,684
126,159,1303
126,165,1482
126,167,771
126,176,1688
126,180,215
126,181,599
126,186,759
126,190,1011
126,191,725
126,193,722
126,196,857
126,198,989
127,130,705
127,131,655
127,133,1102
127,135,70
127,139,790
127,140,1009
127,147,266
127,149,1810
127,152,475
127,155,895
127,156,1406
127,163,806
127,168,1702
127,170,1687
127,175,855
127,178,1463
127,179,294
127,181,1062
127,183,387
127,187,694
127,190,905
127,194,857
127,198,131
128,130,684
128,132,631
128,135,833
128,137,1276
128,142,408
128,145,2058
128,148,686
128,164,892
128,168,769
128,170,938
128,174,877
128,179,1310
128,181,252
128,183,533
128,194,291
129,132,185
129,135,373
129,136,920
129,137,910
129,148,243
129,150,464
129,156,1302
129,159,497
129,162,712
129,168,1095
129,169,874
129,171,496
129,173,608
129,174,587
129,175,881
129,177,249
129,178,1171
129,182,1199
129,184,630
129,191,1930
129,196,743
130,131,172
130,132,878
130,134,522
130,137,1035
130,142,296
130,145,680
130,146,155
130,148,511
130,149,792
130,151,601
130,157,501
130,159,970
130,161,578
130,162,587
130,163,212
130,177,770
130,180,372
130,183,776
130,184,498
131,133,487
131,137,703
131,139,433
131,140,92
131,141,871
131,143,365
131,144,235
131,146,187
131,150,447
131,152,179
131,153,336
131,154,408
131,155,222
131,156,514
131,158,283
131,160,660
131,162,595
131,167,504
131,172,585
131,173,909
131,177,580
131,178,558
131,180,421
131,182,412
131,184,472
131,186,290
131,188,95
131,189,762
131,193,572
131,194,505
132,138,37
132,140,1063
132,158,689
132,159,252
132,163,1629
132,165,863
132,170,993
132,171,340
132,172,473
132,173,706
132,174,1045
132,175,838
132,181,832
132,184,819
132,186,551
132,189,1201
132,190,971
132,195,889
132,196,655
132,199,180
133,134,1053
133,136,376
133,137,1436
133,138,1582
133,140,652
133,142,497
133,145,734
133,146,741
133,149,320
133,155,653
133,156,257
133,161,1051
133,164,1138
133,166,1538
133,170,138
133,175,645
133,177,1672
133,187,766
133,193,629
133,196,831
133,197,341
133,198,2014
134,137,652
134,145,290
134,146,278
134,150,288
134,155,664
134,157,406
134,160,721
134,161,424
134,168,711
134,183,681
134,184,135
134,186,977
134,187,228
134,193,349
135,139,710
135,148,306
135,151,1093
135,156,1155
135,158,880
135,161,101
135,163,743
135,165,419
135,166,248
135,170,1052
135,185,1448
135,187,1231
135,188,609
135,189,1140
135,195,972
136,145,773
136,146,251
136,157,500
136,161,702
136,162,744
136,164,887
136,165,748
136,173,731
136,174,667
136,176,853
136,186,330
136,194,314
136,198,892
137,138,1054
137,142,1584
137,144,761
137,150,695
137,154,312
137,159,968
137,164,806
137,168,825
137,169,43
137,171,1129
137,173,305
137,174,749
137,181,1003
137,187,279
137,188,1223
137,190,121
137,191,525
137,192,1670
137,193,314
137,197,734
137,199,1529
138,139,522
138,144,1555
138,147,544
138,149,1659
138,150,544
138,158,1208
138,159,198
138,160,376
138,175,1229
138,176,250
138,180,935
138,182,841
138,184,657
138,186,543
138,187,927
138,190,985
138,191,1944
138,194,1055
138,197,893
138,199,341
139,141,228
139,142,523
139,144,658
139,145,1666
139,154,854
139,155,231
139,156,771
139,161,649
139,165,931
139,170,765
139,176,676
139,177,628
139,178,1604
139,179,1231
139,183,362
139,184,1034
139,188,824
139,189,404
139,191,893
139,193,947
139,194,331
139,197,585
139,199,487
140,143,543
140,144,520
140,150,579
140,153,354
140,158,372
140,160,794
140,161,785
140,163,345
140,168,456
140,169,733
140,170,424
140,180,607
140,181,309
140,188,165
140,191,682
140,196,706
140,197,576
141,142,749
141,145,1022
141,146,621
141,148,328
141,150,632
141,151,548
141,152,433
141,153,566
141,157,1883
141,163,721
141,166,687
141,167,1129
141,168,935
141,169,2072
141,171,31
141,174,861
141,175,833
141,176,935
141,178,947
141,179,699
141,186,256
141,187,1879
141,191,1082
141,192,581
141,195,935
141,197,935
142,143,255
142,144,568
142,145,1185
142,151,92
142,154,756
142,156,295
142,158,217
142,161,1094
142,162,840
142,167,1035
142,182,25
142,189,248
142,199,712
143,144,412
143,145,855
143,146,582
143,150,1080
143,152,497
143,156,126
143,157,804
143,158,401
143,161,1584
143,163,239
143,166,849
143,168,251
143,170,255
143,171,795
143,172,901
143,176,1378
143,179,1673
143,184,707
143,187,1035
143,190,819
143,193,1086
143,194,299
143,196,802
143,197,170
143,198,1210
144,145,409
144,146,145
144,152,390
144,157,244
144,169,598
144,171,1493
144,172,885
144,174,363
144,176,788
144,181,658
144,183,851
144,189,1036
144,197,342
145,147,490
145,149,1012
145,156,1589
145,157,575
145,161,1030
145,163,726
145,165,262
145,174,423
145,175,1454
145,181,1147
145,183,868
145,187,148
145,188,551
145,196,603
145,198,1608
146,147,788
146,150,532
146,153,493
146,155,503
146,156,506
146,158,377
146,165,518
146,166,548
146,170,261
146,172,638
146,173,504
146,177,574
146,183,899
146,186,497
146,199,570
147,150,152
147,157,670
147,160,189
147,162,721
147,166,74
147,168,1294
147,169,588
147,170,1241
147,178,959
147,179,110
147,180,939
147,182,913
147,183,604
147,184,240
147,186,830
147,195,406
147,196,132
147,197,752
148,150,359
148,154,796
148,160,362
148,164,360
148,167,500
148,168,831
148,169,1168
148,175,878
148,178,1357
148,180,1066
148,188,506
148,190,776
148,193,804
149,154,658
149,155,550
149,156,110
149,162,956
149,163,383
149,164,1159
149,166,1448
149,171,1501
149,175,625
149,180,350
149,182,416
149,183,970
149,187,835
149,188,642
149,189,629
149,191,605
149,194,786
149,198,1786
150,152,299
150,156,1088
150,157,738
150,165,376
150,166,168
150,168,794
150,174,102
150,176,377
150,177,328
150,182,758
150,186,579
150,188,400
150,191,670
150,193,469
150,194,883
150,197,586
150,198,403
150,199,388
151,161,887
151,163,501
151,168,473
151,169,1131
151,181,561
151,183,675
151,184,1567
151,186,600
151,190,1051
151,191,974
152,157,541
152,158,391
152,160,466
152,161,404
152,162,514
152,164,535
152,168,881
152,169,662
152,180,511
152,190,643
152,192,726
152,196,421
152,197,378
153,154,573
153,156,314
153,165,1172
153,168,296
153,171,1178
153,172,574
153,174,1132
153,175,93
153,176,1026
153,177,761
153,182,166
153,185,51
153,186,311
153,187,897
153,191,503
153,193,1102
153,196,714
154,156,742
154,159,774
154,160,952
154,163,445
154,165,422
154,167,411
154,172,1182
154,175,652
154,176,900
154,178,405
154,179,497
154,181,762
154,182,840
154,187,147
154,192,1127
154,193,145
154,196,396
154,199,885
155,157,776
155,162,419
155,163,446
155,166,644
155,167,752
155,168,518
155,175,291
155,180,620
155,185,263
155,188,312
155,192,434
155,193,865
155,194,201
155,197,617
156,162,907
156,163,352
156,168,195
156,173,936
156,180,186
156,183,874
156,187,781
156,190,1762
156,191,762
156,193,747
156,194,390
157,158,1027
157,160,819
157,162,1051
157,165,650
157,166,1281
157,168,383
157,170,394
157,172,1075
157,175,631
157,182,917
157,188,379
157,191,55
157,199,1351
158,164,1388
158,165,931
158,167,710
158,175,258
158,179,924
158,182,195
158,183,478
158,185,320
158,190,922
158,192,489
158,194,108
158,196,743
158,197,535
158,199,562
159,163,749
159,165,838
159,167,529
159,173,683
159,174,611
159,175,690
159,176,427
159,177,465
159,180,773
159,186,367
159,187,892
159,190,1022
159,194,581
159,195,846
159,199,127
160,162,591
160,167,224
160,168,967
160,171,691
160,174,341
160,182,1039
160,184,385
160,192,1855
160,195,620
160,198,344
161,162,913
161,166,118
161,172,733
161,175,779
161,176,215
161,184,298
161,189,803
161,191,743
161,193,840
161,194,788
161,195,544
161,197,693
161,198,329
161,199,522
162,165,875
162,171,102
162,175,625
162,176,920
162,191,1238
162,194,1075
162,195,1115
162,196,872
162,199,432
163,164,881
163,166,845
163,168,219
163,171,955
163,177,976
163,178,381
163,187,472
163,189,646
163,192,1393
163,194,459
163,196,798
163,197,71
164,165,740
164,169,767
164,173,961
164,174,640
164,182,1014
164,184,628
164,185,1045
164,186,832
164,187,888
164,190,1065
165,166,350
165,169,200
165,181,849
165,186,1511
165,187,266
165,188,508
165,189,1809
166,167,84
166,169,450
166,175,1277
166,179,53
166,187,639
166,189,924
166,193,531
166,195,418
166,196,142
167,168,944
167,178,741
167,180,1638
167,181,621
167,183,477
167,184,202
167,185,752
167,196,219
167,198,393
168,179,892
168,180,338
168,182,441
168,188,529
168,191,329
168,194,912
168,199,1012
169,174,352
169,175,1818
169,177,889
169,181,985
169,193,446
169,194,1337
170,171,872
170,172,852
170,173,1019
170,176,982
170,177,1236
170,178,129
170,180,363
170,182,456
170,186,727
170,188,376
170,190,639
170,195,1108
171,172,170
171,175,547
171,180,729
171,184,838
171,186,289
171,188,779
171,191,1876
171,193,1204
172,182,470
172,185,610
172,186,313
172,193,1120
173,174,202
173,175,1096
173,179,225
173,180,901
173,181,1035
173,185,1375
173,190,302
173,191,849
173,192,1268
173,194,892
173,195,252
173,197,661
173,199,573
174,176,724
174,177,389
174,178,810
174,180,817
174,184,72
174,185,706
174,188,495
174,191,549
174,197,659
175,180,183
175,182,77
175,183,988
175,184,843
175,191,596
175,192,701
175,198,1135
176,179,294
176,180,1129
176,182,918
176,187,861
176,191,1033
176,195,861
177,180,1591
177,182,887
177,183,363
177,185,787
177,187,649
177,193,730
177,195,1028
178,181,823
178,182,568
178,183,889
178,185,448
179,185,841
179,186,1070
179,188,700
179,190,639
179,194,876
179,195,701
179,196,176
179,197,760
180,182,129
180,183,879
180,184,768
180,187,1257
180,192,589
180,197,277
180,198,1045
181,185,469
181,186,125
181,191,847
181,195,984
182,184,764
182,189,411
182,191,713
182,196,860
182,198,1111
183,185,628
183,187,1084
183,188,798
183,199,107
184,185,678
184,191,477
184,194,750
184,195,208
184,197,614
185,186,644
185,187,989
185,192,593
185,196,927
186,187,836
186,190,1462
186,195,793
186,197,555
186,199,408
187,188,631
187,191,326
188,192,749
188,197,278
188,198,727
189,191,1067
189,192,411
189,197,594
189,198,895
190,192,1591
190,196,546
190,199,830
191,192,1198
191,193,420
191,195,394
191,196,582
191,197,323
192,193,1267
192,195,1171
192,197,783
192,198,1424
193,197,516
195,196,333
198,199,302
