# All lines that begin with # are a comment
# Vertices: Index, SquareX, SquareY
Vertices
0,2,5
1,3,6
2,1,3
3,3,2
4,6,0
5,1,5
6,6,1
7,9,1
8,8,7
9,3,9
10,2,4
11,9,2
12,8,6
13,4,4
14,9,0
15,9,8
16,4,4
17,9,3
18,8,4
19,5,1
20,7,2
21,3,0
22,2,1
23,8,9
24,8,7
25,5,0
26,8,8
27,4,2
28,1,9
29,4,3
30,5,8
31,2,5
32,8,7
33,6,9
34,5,9
35,2,4
36,1,2
37,1,3
38,3,9
39,7,9
40,5,2
41,0,8
42,3,9
43,1,6
44,7,8
45,6,9
46,2,8
47,6,9
48,7,1
49,9,4
50,5,6
51,1,7
52,2,5
53,4,6
54,5,8
55,5,3
56,8,4
57,3,0
58,6,6
59,5,4
60,6,5
61,3,9
62,3,6
63,8,9
64,9,8
65,4,9
66,6,0
67,0,3
68,2,8
69,0,7
70,3,7
71,4,7
72,1,8
73,1,3
74,4,6
75,0,6
76,2,0
77,8,2
78,5,2
79,0,7
80,9,3
81,9,0
82,9,4
83,7,7
84,7,5
85,5,9
86,0,2
87,5,2
88,0,0
89,6,5
90,5,2
91,7,2
92,7,3
93,1,6
94,5,6
95,1,4
96,8,4
97,1,5
98,2,8
99,7,5
# Edges: fromIndex, toIndex, edgeCost
Edges
0,4,6833
0,5,1284
0,10,868
0,12,6207
0,15,7662
0,18,9668
0,20,8755
0,26,8600
0,36,4000
0,47,6548
0,48,7517
0,54,6430
0,57,5107
0,60,4689
0,63,7995
0,64,8219
0,66,7180
0,78,6258
0,82,7316
0,92,8207
1,3,4501
1,6,6398
1,11,7256
1,14,8788
1,16,3155
1,19,5571
1,24,6019
1,25,6145
1,26,5578
1,28,5521
1,32,7874
1,37,4103
1,38,2822
1,42,4308
1,45,6200
1,57,6751
1,64,5852
1,67,5611
1,68,2601
1,70,1417
1,84,3869
1,94,1971
2,4,6191
2,19,4175
2,25,5342
2,34,6885
2,36,1437
2,38,6575
2,41,5739
2,49,9598
2,52,2458
2,53,3606
2,75,3080
2,83,7047
2,89,6117
2,91,5791
2,97,2348
3,5,5070
3,8,8823
3,10,3347
3,13,2280
3,18,6629
3,19,2989
3,20,4854
3,21,1850
3,22,1736
3,38,8664
3,39,8534
3,44,7180
3,55,2728
3,56,6962
3,60,5675
3,62,4865
3,63,9226
3,65,8765
3,67,4298
3,68,6789
3,74,4870
3,76,2977
3,77,7577
3,99,4977
4,12,6476
4,15,11073
4,21,4250
4,23,12797
4,32,8869
4,33,10064
4,34,10636
4,37,8438
4,45,10556
4,51,9201
4,63,10360
4,66,280
4,68,9954
4,70,7831
4,71,7944
4,88,7823
4,90,4160
4,92,4645
4,94,8140
5,7,10500
5,8,7194
5,20,10422
5,29,5591
5,31,1968
5,42,4591
5,46,3516
5,49,11729
5,57,7901
5,65,6564
5,72,4691
5,82,8067
5,84,6666
5,90,6752
5,91,6446
5,95,1225
6,8,7205
6,12,7165
6,14,4460
6,18,5519
6,23,12181
6,34,10791
6,41,14309
6,45,11398
6,47,8261
6,52,8754
6,56,5373
6,66,807
6,67,9787
6,68,9253
6,74,7791
6,89,5481
7,13,5605
7,15,9550
7,16,8088
7,17,2791
7,20,2175
7,25,4157
7,26,10686
7,38,11255
7,44,7079
7,49,2992
7,50,9081
7,62,8766
7,90,4640
7,91,2801
7,94,9354
8,17,5104
8,18,3043
8,34,5041
8,35,6474
8,39,2893
8,40,5894
8,53,4359
8,54,2947
8,61,7011
8,62,6256
8,68,7781
8,80,3977
8,81,7536
8,82,3615
8,84,2964
8,88,13096
8,90,7245
8,98,7637
9,14,14126
9,21,8487
9,30,2625
9,32,5706
9,33,2752
9,46,1317
9,61,468
9,64,5953
9,69,3367
9,70,2216
9,75,5312
9,77,8759
9,85,3100
9,89,5572
10,16,2162
10,19,6258
10,23,7956
10,29,3574
10,35,955
10,48,7066
10,51,4477
10,54,7237
10,60,4763
10,64,9215
10,65,5302
10,70,2851
10,73,1263
10,76,5237
10,80,10273
10,88,4891
10,92,8041
10,95,585
10,98,3672
10,99,6293
11,13,5834
11,29,5804
11,33,9720
11,38,11757
11,59,4848
11,66,5261
11,69,13039
11,74,6211
11,78,4193
11,84,4921
11,88,9737
11,91,3673
11,92,2722
12,13,4629
12,14,7976
12,23,3118
12,26,2735
12,39,4038
12,41,9155
12,46,6941
12,47,3523
12,54,3399
12,56,1697
12,59,5869
12,65,6810
12,67,8720
12,68,6365
12,72,9983
12,78,5954
12,82,3627
12,84,1511
12,87,6117
12,94,3130
12,95,9349
12,99,1855
13,15,6242
13,21,3788
13,25,5589
13,29,1188
13,31,2846
13,33,6906
13,36,5806
13,39,9106
13,40,1849
13,48,4752
13,49,5273
13,52,2415
13,53,1909
13,57,6114
13,61,7416
13,62,2019
13,70,4835
13,75,5646
13,76,5598
13,82,5776
13,83,5635
13,90,1733
13,97,2930
14,19,6695
14,25,5932
14,26,12750
14,27,5911
14,30,10488
14,33,14214
14,37,12363
14,41,15810
14,43,10195
14,53,7805
14,57,7508
14,59,6111
14,68,11779
14,70,14162
14,72,16126
14,73,11886
14,77,3587
14,78,5324
14,81,792
14,82,3946
14,95,12626
15,16,8048
15,19,10760
15,24,1807
15,27,8654
15,36,10355
15,37,9437
15,43,9064
15,47,2336
15,48,8193
15,51,11211
15,52,7815
15,64,845
15,76,15492
15,77,8497
15,78,7909
15,85,3428
15,86,12023
15,95,8477
16,17,6346
16,22,4431
16,25,4359
16,49,5598
16,52,2412
16,56,4598
16,57,6098
16,58,3389
16,59,1274
16,60,2796
16,62,2387
16,65,8008
16,67,5288
16,79,5173
16,80,7199
16,82,5290
16,90,1584
17,23,6119
17,34,7035
17,40,5720
17,41,11198
17,52,9082
17,61,12062
17,75,13518
17,79,11628
17,81,3592
17,89,4759
17,90,4294
17,93,8150
17,94,5279
17,99,4043
18,21,6720
18,23,6116
18,26,5955
18,27,5288
18,28,9368
18,36,11729
18,40,4378
18,41,12165
18,49,907
18,52,8170
18,56,708
18,58,3256
18,61,7748
18,66,7011
18,68,11035
18,86,13163
18,88,9692
19,24,10426
19,38,9075
19,42,8884
19,45,9071
19,46,10545
19,50,6613
19,53,6204
19,55,2657
19,59,2939
19,60,4382
19,64,11479
19,69,11130
19,72,11816
19,75,9709
19,79,9169
19,88,5168
20,22,7710
20,24,5258
20,25,2522
20,32,6530
20,33,10731
20,36,9070
20,37,9786
20,38,8795
20,39,8029
20,40,2837
20,43,10289
20,44,7287
20,46,10152
20,48,1156
20,54,10273
20,71,6665
20,73,9232
20,78,2162
20,83,6319
20,84,4568
20,85,7429
20,86,10635
20,88,10928
20,93,9659
20,94,6855
21,23,13738
21,29,3327
21,34,8807
21,41,8642
21,42,11881
21,44,9717
21,46,8016
21,49,9297
21,50,7776
21,52,7094
21,53,5354
21,63,12541
21,68,8425
21,73,4967
21,75,7972
21,76,1381
21,84,6867
21,89,8541
21,98,9784
22,27,2095
22,29,3705
22,32,11702
22,37,2318
22,38,10450
22,39,13100
22,40,2975
22,41,8789
22,49,9814
22,50,7250
22,52,6079
22,55,3864
22,61,12498
22,62,5522
22,63,11064
22,65,12154
22,82,7710
22,90,3908
22,93,7260
22,97,6276
23,31,7052
23,39,703
23,49,6147
23,50,4966
23,53,7627
23,54,2947
23,59,7961
23,60,7115
23,61,6614
23,63,180
23,70,6632
23,72,9848
23,73,10444
23,90,10815
23,94,4246
23,96,4828
23,98,5929
24,26,2717
24,29,8608
24,31,8314
24,39,3028
24,43,7690
24,50,4883
24,60,3263
24,64,1128
24,69,9279
24,76,11106
24,80,5167
24,82,4214
24,92,4727
24,94,4850
24,95,7742
24,98,8399
25,28,9485
25,32,7656
25,37,5414
25,39,11319
25,41,9694
25,42,10048
25,45,10101
25,48,1566
25,56,6856
25,57,3197
25,63,10396
25,68,12207
25,69,10257
25,80,6036
25,82,6616
25,95,7287
25,99,5728
26,27,9184
26,29,8455
26,31,9145
26,34,4203
26,46,6692
26,48,9254
26,53,5461
26,61,4857
26,63,510
26,64,1379
26,67,9654
26,69,7871
26,70,5534
26,71,4814
26,74,4453
26,76,14746
26,80,5505
26,82,6137
26,94,3648
27,31,3668
27,37,4131
27,42,7890
27,51,7166
27,56,6728
27,80,6934
27,87,1609
27,96,5508
27,99,5266
28,29,7829
28,34,4540
28,37,5374
28,38,2146
28,54,7391
28,55,7678
28,59,8239
28,63,9525
28,68,2050
28,82,9982
28,85,6837
28,90,7860
28,96,10208
29,31,2879
29,35,2239
29,43,5376
29,70,4142
29,71,3837
29,75,6776
29,79,7262
29,82,6047
29,84,3660
29,98,7495
29,99,3528
30,33,1921
30,39,3512
30,45,1690
30,48,10052
30,57,8245
30,60,3206
30,62,2899
30,68,3341
30,81,8437
30,93,5773
31,32,6992
31,34,5874
31,39,7090
31,43,1570
31,49,7461
31,50,3674
31,53,2254
31,54,4514
31,56,5917
31,57,5413
31,60,5176
31,61,4666
31,62,1347
31,69,4011
31,71,2547
31,78,4613
31,80,7248
31,81,9722
31,85,6721
31,92,7552
31,98,2874
32,35,9142
32,36,12944
32,41,12115
32,43,7062
32,47,4091
32,53,4531
32,55,5124
32,58,2066
32,59,5258
32,63,2569
32,64,1274
32,69,11946
32,77,6723
32,83,2780
33,36,12970
33,51,7667
33,56,5426
33,57,10703
33,61,2573
33,66,9319
33,67,9723
33,68,3709
33,71,3044
33,84,4007
33,90,8179
33,96,5689
34,36,11091
34,48,11790
34,52,5922
34,66,12157
34,68,3521
34,74,3289
34,76,12265
34,77,9549
34,79,6581
34,91,7612
34,95,7524
34,97,5023
34,98,2618
35,41,6021
35,47,9138
35,55,3231
35,58,5646
35,59,2418
35,61,6343
35,64,8243
35,71,4774
35,73,2027
35,81,10211
35,96,8316
36,39,11239
36,41,6392
36,56,10489
36,64,12584
36,69,6974
36,73,1514
36,75,4020
36,82,9596
36,87,4991
36,93,4006
37,38,6933
37,40,4102
37,43,2548
37,46,5187
37,57,3893
37,62,4526
37,63,13635
37,67,1761
37,71,4610
37,79,4455
37,93,2687
37,94,6359
37,99,6882
38,40,9479
38,51,2177
38,54,3030
38,62,4489
38,64,6783
38,75,3848
38,76,9056
38,93,3745
38,98,1039
38,99,8030
39,43,7716
39,46,5157
39,53,5343
39,56,6212
39,76,15930
39,80,6861
39,81,11783
39,82,8662
39,95,10830
40,48,3681
40,49,5115
40,56,5104
40,58,3724
40,68,6296
40,74,3247
40,78,835
40,79,7407
40,92,3497
41,46,1942
41,50,5112
41,56,10422
41,62,5389
41,69,1155
41,86,5981
41,95,5254
41,96,8895
41,99,7305
42,47,4092
42,51,3538
42,63,5510
42,68,1603
42,71,2774
42,79,4483
42,86,8290
42,87,9884
43,45,8245
43,54,5570
43,62,2188
43,64,10392
43,67,3449
43,69,2036
43,71,3565
43,72,2979
43,75,1068
43,92,8627
44,48,7074
44,52,7586
44,59,4503
44,72,6140
44,82,4854
44,87,7127
44,94,2628
45,53,4077
45,56,7220
45,67,11073
45,69,8036
45,77,9627
45,84,4260
45,89,4384
45,90,9801
45,93,8335
46,52,4010
46,56,7166
46,59,5748
46,63,6680
46,71,3349
46,75,3842
46,76,9020
46,78,8169
46,85,3211
46,89,5523
46,96,10065
47,50,2929
47,55,7405
47,57,14165
47,69,8180
47,70,4344
47,71,4013
47,74,5234
47,88,14316
47,89,5105
47,98,4239
47,99,5246
48,49,6168
48,51,12322
48,52,6646
48,57,4719
48,59,4260
48,61,10376
48,69,9655
48,72,14433
48,78,2370
48,82,4194
48,93,8112
49,57,9105
49,60,4249
49,63,5583
49,72,9926
49,73,9899
49,80,859
49,81,4009
49,82,474
49,90,5883
50,51,4450
50,52,3234
50,53,1498
50,54,2855
50,55,4355
50,80,5409
50,81,9599
50,84,1687
50,87,4383
50,94,246
50,99,2114
51,54,5255
51,57,7599
51,64,7753
51,70,2780
51,78,6912
51,79,825
51,84,6819
51,85,4464
51,91,8157
51,92,7782
51,95,4463
51,97,2439
52,55,4079
52,63,7143
52,66,8229
52,67,4284
52,76,8312
52,77,8762
52,82,9026
52,84,5242
52,86,3929
52,87,6047
52,89,4809
52,90,4044
52,91,6095
52,93,1205
53,59,2080
53,62,593
53,64,5362
53,65,4090
53,69,4065
53,80,7463
53,85,3748
53,86,6335
53,88,9522
53,89,2593
53,94,1533
53,95,3413
53,97,2695
54,56,5296
54,61,2521
54,62,5238
54,63,2741
54,64,3479
54,70,2839
54,71,2228
54,77,7534
54,83,1675
54,92,6601
55,58,4342
55,60,2140
55,65,8749
55,68,8753
55,70,7032
55,75,6737
55,85,9000
55,94,4338
56,59,3629
56,61,9657
56,69,11028
56,72,8618
56,79,10816
56,81,5511
56,84,2300
56,89,2348
56,92,1848
56,97,9047
57,62,6665
57,73,4873
57,78,3444
57,90,4321
57,91,5839
57,95,6553
58,59,2609
58,60,1544
58,62,3131
58,64,3282
58,65,5609
58,68,7175
58,70,4146
58,76,11419
58,80,4692
58,81,8535
58,82,3242
58,85,4163
58,86,9087
59,61,7708
59,67,6476
59,68,7560
59,69,5890
59,72,8859
59,75,4803
59,76,7679
59,77,4171
59,82,5814
59,84,3130
59,88,8082
59,92,2860
59,97,3648
59,98,5618
59,99,3028
60,62,2800
60,63,6680
60,73,6311
60,75,8326
60,80,3972
60,82,4027
60,88,8001
60,98,5629
61,69,3978
61,84,5685
61,89,7777
61,93,4559
61,94,3970
61,97,5170
61,98,1834
62,90,4873
62,97,2740
63,65,4927
63,67,10597
63,68,7921
63,72,9629
63,81,10808
63,91,7552
63,96,5032
64,68,6716
64,77,6268
64,81,8721
64,88,11916
64,89,3472
64,95,10999
64,97,9277
64,98,7091
65,71,2984
65,72,2927
65,80,9670
65,82,9106
65,88,9995
65,98,2028
66,68,11947
66,72,12093
66,78,3034
66,87,3062
66,91,2720
66,94,6516
66,98,9635
66,99,5917
67,70,4959
67,71,5651
67,73,1620
67,79,5826
67,85,9089
67,87,6309
67,89,8785
67,93,3579
68,69,2112
68,71,2514
68,75,4482
68,79,3259
68,81,15553
68,89,5019
68,92,8770
68,93,2489
68,95,4117
68,96,10389
68,99,6259
69,72,1140
69,83,7422
69,99,6973
70,73,3983
70,74,2582
70,81,9080
70,89,4997
71,73,4879
71,74,1704
72,76,12048
72,92,8975
72,97,3458
72,99,7080
73,74,5149
73,83,9293
73,88,5124
74,81,9272
74,84,3106
74,85,4599
74,87,4854
74,90,3186
74,94,956
74,96,4642
75,77,8396
75,80,13343
75,84,7089
75,87,7573
75,92,10694
75,95,2456
76,79,8213
76,83,9403
76,99,9116
77,81,2535
77,83,5603
77,84,3731
77,88,10931
77,89,3514
77,92,1289
77,94,6445
77,98,8164
78,79,9460
78,83,7765
78,91,2159
78,94,4912
78,99,4140
79,85,6101
79,88,8761
80,81,3944
80,82,590
80,84,3662
81,86,9983
81,87,6430
81,91,3974
81,94,10667
81,97,9472
82,97,10498
83,86,12456
83,91,6594
84,89,775
84,90,4584
84,95,6463
85,89,4314
85,92,6997
85,94,3535
86,87,5723
86,92,9622
87,88,5072
87,89,3515
87,90,645
87,96,4259
87,97,5850
88,95,6557
88,98,8571
89,92,2810
89,94,1716
89,96,2231
89,98,6011
90,93,5517
90,96,4448
91,94,5260
92,96,2049
92,97,7049
92,98,6890
93,99,5800
95,98,3651
95,99,7286
96,97,9731
97,99,5222
98,99,6816
