# All lines that begin with # are a comment
# Vertices: Index, SquareX, SquareY
Vertices
0,3,3
1,1,0
2,7,4
3,8,9
4,5,7
5,2,2
6,4,5
7,4,4
8,3,8
9,0,9
10,8,1
11,5,4
12,7,3
13,7,8
14,3,4
15,9,8
16,0,1
17,6,7
18,0,6
19,7,8
20,8,1
21,7,2
22,9,1
23,9,0
24,5,2
25,2,7
26,2,0
27,2,1
28,8,0
29,4,5
30,1,7
31,7,3
32,6,4
33,5,7
34,3,5
35,8,4
36,9,9
37,8,9
38,9,1
39,9,4
40,9,5
41,5,2
42,9,9
43,1,7
44,8,0
45,9,5
46,6,3
47,6,1
48,4,5
49,9,4
50,9,0
51,1,3
52,9,6
53,5,1
54,3,9
55,7,8
56,5,0
57,6,7
58,2,9
59,0,6
60,3,0
61,5,4
62,3,0
63,5,5
64,7,8
65,3,6
66,6,9
67,2,2
68,3,3
69,5,6
70,7,1
71,4,9
72,7,8
73,2,3
74,7,9
75,5,1
76,3,8
77,9,0
78,6,6
79,2,7
80,7,6
81,9,0
82,5,8
83,6,4
84,9,2
85,5,9
86,1,9
87,8,9
88,3,4
89,4,8
90,3,6
91,5,7
92,3,4
93,2,0
94,1,5
95,4,5
96,0,9
97,9,4
98,4,3
99,0,0
100,9,4
101,5,5
102,8,8
103,7,0
104,0,0
105,9,9
106,5,1
107,4,3
108,3,6
109,0,5
110,2,2
111,8,4
112,1,0
113,7,2
114,4,0
115,4,1
116,1,6
117,4,3
118,7,3
119,2,1
120,5,2
121,9,3
122,5,6
123,1,8
124,6,1
125,5,7
126,2,5
127,7,0
128,2,0
129,6,9
130,1,3
131,4,1
132,7,8
133,3,9
134,6,8
135,8,5
136,0,0
137,0,3
138,1,0
139,3,5
140,0,3
141,6,0
142,3,9
143,7,7
144,9,8
145,7,3
146,0,0
147,1,7
148,9,4
149,2,6
150,8,5
151,3,2
152,5,2
153,9,7
154,6,9
155,8,7
156,8,1
157,5,5
158,4,8
159,4,5
160,3,1
161,6,7
162,2,6
163,2,9
164,0,7
165,5,7
166,5,4
167,2,1
168,2,7
169,3,7
170,8,5
171,4,7
172,2,9
173,3,1
174,7,6
175,7,6
176,3,3
177,8,4
178,7,7
179,8,8
180,5,1
181,9,3
182,9,0
183,1,2
184,1,5
185,9,2
186,9,5
187,3,6
188,1,4
189,0,7
190,1,1
191,7,8
192,4,2
193,5,2
194,6,8
195,9,2
196,0,2
197,5,5
198,6,2
199,5,8
# Edges: fromIndex, toIndex, edgeCost
Edges
0,2,4778
0,7,1224
0,16,4265
0,21,4274
0,32,4823
0,36,8895
0,41,3719
0,55,8204
0,59,4944
0,65,2943
0,73,1231
0,80,6394
0,81,10006
0,88,1461
0,91,4450
0,94,3624
0,100,7857
0,104,4572
0,106,2928
0,107,2525
0,117,1199
0,119,2443
0,127,6349
0,130,2013
0,131,2847
0,133,6682
0,134,6319
0,151,970
0,152,2536
0,154,8118
0,156,7412
0,158,6960
0,162,3280
0,164,6534
0,169,5150
0,179,9880
0,183,2314
0,187,3236
0,188,2916
0,197,3122
0,198,3889
1,3,15031
1,5,3033
1,10,7829
1,12,7028
1,19,12555
1,20,8905
1,22,11132
1,26,2015
1,27,3253
1,32,7386
1,35,12480
1,40,10512
1,49,11060
1,59,6146
1,66,15629
1,67,3018
1,72,12350
1,76,9998
1,82,10901
1,93,2365
1,98,6105
1,104,1125
1,108,6339
1,111,9003
1,122,10520
1,127,7860
1,130,3248
1,131,5492
1,139,7739
1,165,8453
1,167,1664
1,171,9942
1,186,13761
1,187,6848
1,194,9482
1,196,2863
1,198,6041
1,199,9682
2,3,8283
2,17,4709
2,19,3718
2,23,5312
2,24,2136
2,32,1282
2,35,1148
2,46,1565
2,51,5659
2,57,5620
2,61,1816
2,63,3412
2,74,8477
2,83,1439
2,97,2247
2,99,7820
2,100,2288
2,101,1901
2,104,8434
2,109,8970
2,123,10245
2,125,4800
2,127,4027
2,131,5492
2,132,4690
2,134,4141
2,136,8062
2,142,9299
2,145,723
2,148,2370
2,151,5531
2,155,4298
2,159,3863
2,165,4787
2,167,8658
2,170,2070
2,180,3883
2,183,6704
2,189,8088
2,193,2679
3,4,4957
3,5,12319
3,15,2281
3,19,2893
3,22,9783
3,25,8809
3,26,15628
3,33,5074
3,36,617
3,39,7129
3,43,7400
3,47,8938
3,51,14179
3,52,4437
3,59,11277
3,60,11562
3,61,6385
3,69,6527
3,72,2325
3,73,10917
3,80,4372
3,86,8402
3,87,395
3,88,7261
3,91,5068
3,95,6984
3,96,9959
3,97,8158
3,99,13201
3,114,10154
3,119,13537
3,122,6732
3,123,11201
3,126,7559
3,130,13028
3,140,10227
3,142,7912
3,156,8243
3,157,6429
3,161,4540
3,173,15076
3,186,4669
3,188,12790
4,13,2399
4,15,5608
4,20,7028
4,22,9157
4,25,3068
4,31,6399
4,44,11211
4,53,8082
4,56,8649
4,64,2775
4,66,2289
4,71,2902
4,73,5998
4,75,8351
4,80,2125
4,90,3099
4,92,5905
4,98,4689
4,105,5534
4,115,9259
4,117,4528
4,127,7863
4,128,7649
4,133,3874
4,135,3795
4,138,12634
4,139,4353
4,144,4850
4,146,11041
4,150,5519
4,168,3171
4,177,6447
4,179,3953
4,182,10626
4,187,3428
4,190,8225
4,192,5104
5,9,9822
5,16,3994
5,18,5955
5,23,9975
5,25,4987
5,30,5428
5,31,6276
5,32,5128
5,35,7877
5,42,13112
5,49,7176
5,50,8112
5,51,1031
5,59,5787
5,60,4040
5,63,3990
5,74,9579
5,82,9584
5,86,7685
5,87,9961
5,93,1859
5,95,3770
5,99,3549
5,103,5808
5,120,2696
5,121,6927
5,125,8478
5,131,3489
5,132,11730
5,138,3595
5,139,3762
5,147,5097
5,153,10797
5,154,9516
5,159,3449
5,165,7568
5,173,2290
5,180,3052
5,186,8732
5,192,2764
5,197,3648
6,7,1120
6,8,4132
6,10,5699
6,18,4132
6,20,7969
6,21,6109
6,27,4531
6,29,903
6,43,4673
6,52,5860
6,54,4684
6,58,6059
6,66,5885
6,76,3382
6,80,4303
6,82,5113
6,83,2225
6,84,6958
6,87,7476
6,88,852
6,102,5523
6,104,9140
6,114,4660
6,121,6849
6,122,3162
6,126,2746
6,129,7437
6,136,6317
6,137,3816
6,142,5306
6,143,4087
6,145,4090
6,154,5707
6,171,2500
6,176,1642
6,180,3903
6,184,2954
6,194,4618
6,197,1231
6,199,3858
7,8,4161
7,12,3852
7,22,7317
7,23,7840
7,26,4482
7,28,7139
7,39,5962
7,40,6215
7,44,8508
7,45,6650
7,54,5494
7,58,5787
7,59,4707
7,62,5437
7,66,7189
7,74,6669
7,83,3176
7,100,6180
7,102,7654
7,105,11410
7,108,2045
7,111,5033
7,113,4429
7,119,4286
7,123,5276
7,126,2450
7,143,5225
7,151,2237
7,156,5765
7,160,2944
7,162,2882
7,163,6468
7,165,3625
7,169,3522
7,170,6523
7,178,5135
7,179,9873
7,185,7175
7,186,5462
7,191,6079
7,194,7237
7,196,6099
8,17,3871
8,20,11323
8,25,1197
8,29,2963
8,31,8737
8,32,6102
8,36,7826
8,40,7089
8,46,6259
8,49,7248
8,56,10051
8,59,3438
8,65,2685
8,67,8102
8,73,5736
8,82,2259
8,85,2772
8,87,6479
8,90,2193
8,94,5389
8,97,7838
8,105,8528
8,108,3259
8,113,10286
8,116,3249
8,121,9956
8,124,7406
8,130,5339
8,132,3971
8,135,5657
8,142,1359
8,146,8711
8,153,9651
8,155,5661
8,164,3943
8,171,1717
8,181,7680
8,182,10741
8,188,5073
8,192,6923
8,195,11900
8,197,3743
8,198,7570
8,199,2024
9,12,9527
9,14,7550
9,17,7782
9,25,2543
9,27,8653
9,31,9375
9,33,5968
9,34,5752
9,39,12456
9,40,11432
9,43,1872
9,47,10233
9,48,5687
9,50,13345
9,52,9278
9,55,7422
9,66,7211
9,68,8165
9,70,11461
9,72,8770
9,78,8764
9,84,12233
9,87,8233
9,89,4561
9,91,6895
9,93,13024
9,94,4820
9,95,5972
9,96,715
9,100,10529
9,105,12503
9,106,11263
9,107,7340
9,109,5556
9,127,13137
9,132,8561
9,140,6366
9,153,11116
9,156,11853
9,161,6661
9,171,4279
9,174,7484
9,176,7009
9,186,10706
9,199,4989
10,12,2991
10,15,6648
10,18,10209
10,23,1062
10,28,1420
10,37,10804
10,45,6350
10,47,1818
10,49,2970
10,51,9360
10,54,12362
10,60,5863
10,64,8261
10,65,9890
10,68,6255
10,70,1938
10,76,9900
10,77,1733
10,83,4128
10,85,9938
10,95,6677
10,100,3290
10,102,9970
10,111,3961
10,127,1943
10,129,11922
10,131,4666
10,133,9633
10,139,9058
10,142,11397
10,156,525
10,158,9438
10,161,6960
10,169,9334
10,170,5544
10,172,14987
10,173,7196
10,181,1856
10,182,910
10,183,9519
10,188,9905
10,189,10952
10,191,11110
10,195,698
10,196,8907
11,12,2270
11,14,3187
11,15,5116
11,16,10110
11,20,6413
11,25,5142
11,28,6710
11,29,1604
11,34,3185
11,35,2678
11,39,6179
11,48,2079
11,64,4525
11,71,4848
11,73,5329
11,85,4625
11,90,3333
11,95,1373
11,107,2150
11,116,6077
11,120,2326
11,123,6215
11,124,4902
11,132,4581
11,134,3710
11,143,2885
11,155,4762
11,161,2450
11,175,3401
11,181,4102
11,184,4461
11,187,3625
11,188,5243
11,189,7863
11,193,2619
11,194,3823
12,18,7491
12,19,4724
12,29,4336
12,34,5104
12,35,1900
12,39,3253
12,42,7092
12,47,2669
12,50,6402
12,51,5734
12,55,5093
12,57,5353
12,60,5362
12,62,5063
12,67,4904
12,81,4062
12,82,5303
12,85,7450
12,91,4505
12,92,4363
12,93,7878
12,104,11408
12,105,9669
12,108,5356
12,124,3703
12,125,5534
12,127,5260
12,128,7238
12,136,7475
12,142,7308
12,144,6390
12,146,7718
12,151,5866
12,162,7520
12,165,4245
12,167,7749
12,181,3510
12,183,5526
12,185,3830
12,187,6121
12,190,5761
12,193,2256
12,197,3252
12,198,1858
13,15,3831
13,18,7387
13,19,1348
13,27,10762
13,28,11206
13,42,3477
13,46,6550
13,48,4967
13,50,8832
13,55,941
13,56,11713
13,57,1646
13,67,10798
13,73,9743
13,77,12434
13,80,3427
13,91,2643
13,92,8423
13,97,5830
13,98,6852
13,99,10734
13,100,7114
13,101,5052
13,105,2801
13,107,5830
13,111,5119
13,115,12074
13,117,9226
13,118,6316
13,122,4528
13,123,6900
13,126,8472
13,132,389
13,133,4904
13,134,942
13,139,6933
13,142,4413
13,164,9406
13,167,9814
13,174,3502
13,175,3031
13,184,9626
13,189,6944
13,192,9622
13,195,8951
13,197,6035
14,15,7736
14,27,3021
14,31,4968
14,42,12380
14,45,7384
14,51,1592
14,52,7448
14,65,2390
14,70,5106
14,71,5594
14,74,11210
14,80,6929
14,82,5959
14,89,4648
14,90,3630
14,91,4523
14,98,2146
14,108,2821
14,119,3155
14,122,4847
14,128,4079
14,132,6976
14,145,5586
14,146,6429
14,147,4843
14,148,6986
14,149,2744
14,150,8642
14,157,2448
14,164,5715
14,166,3145
14,173,3020
14,175,6319
14,178,6613
14,179,9624
14,184,2471
14,186,8076
14,194,7064
14,196,4207
15,21,6414
15,31,5346
15,34,8092
15,46,6207
15,48,8356
15,54,7365
15,59,8927
15,62,12467
15,63,7163
15,64,2851
15,65,8980
15,70,7853
15,76,6845
15,80,4340
15,88,8441
15,105,2418
15,115,8703
15,117,8292
15,118,5537
15,121,6496
15,130,12832
15,135,4004
15,137,14555
15,138,12017
15,139,9902
15,142,8349
15,170,2838
15,175,3546
15,176,7790
15,179,1266
15,185,5935
15,187,7319
15,189,9119
15,190,14573
15,197,5599
15,198,8614
16,17,11593
16,20,9013
16,21,7691
16,29,8480
16,37,12687
16,47,7230
16,49,10837
16,56,7589
16,58,12593
16,59,5578
16,65,8278
16,70,8010
16,78,12460
16,79,7294
16,91,7869
16,96,10665
16,97,14292
16,103,9440
16,105,19856
16,106,5494
16,110,3118
16,118,7816
16,121,9486
16,128,2095
16,131,7106
16,132,10858
16,133,12214
16,145,8113
16,153,15942
16,155,10565
16,156,11376
16,159,6137
16,162,6119
16,165,9723
16,166,6102
16,180,6575
16,186,10267
16,189,6617
16,193,6378
16,195,12452
16,198,7070
16,199,11548
17,19,2202
17,22,7560
17,24,4933
17,34,3591
17,45,4027
17,62,7311
17,63,2612
17,75,6836
17,77,11054
17,93,7518
17,94,6637
17,99,12524
17,110,8232
17,111,4284
17,115,6567
17,122,1133
17,131,6364
17,135,3070
17,137,8152
17,140,9180
17,145,5039
17,150,3160
17,152,5216
17,156,7424
17,157,2448
17,161,166
17,165,1091
17,170,3512
17,172,5919
17,173,7319
17,190,9865
17,193,5871
17,194,1330
18,23,13555
18,26,8507
18,27,7304
18,35,9243
18,38,10810
18,39,12296
18,45,8835
18,46,6957
18,57,5701
18,58,5456
18,64,10709
18,65,3603
18,66,9195
18,69,7170
18,82,5647
18,85,8716
18,86,3678
18,87,12857
18,90,3447
18,96,3236
18,110,4798
18,115,7396
18,116,1266
18,120,8618
18,125,6012
18,126,2420
18,127,12187
18,146,7182
18,167,5918
18,172,4140
18,193,7343
18,195,10554
18,196,4383
18,198,10019
19,34,5102
19,35,3365
19,43,8420
19,46,6598
19,52,3261
19,56,9275
19,62,11091
19,64,1169
19,77,9977
19,86,8833
19,87,2457
19,91,2453
19,94,7923
19,104,10489
19,106,10449
19,109,8028
19,118,6805
19,127,9909
19,128,9256
19,129,3167
19,130,8439
19,134,1251
19,135,2953
19,138,10477
19,142,5112
19,146,11152
19,150,3987
19,154,2765
19,158,3477
19,165,3360
19,175,2314
19,177,4130
19,193,5879
19,195,6666
20,24,3057
20,26,6420
20,27,7889
20,30,13188
20,34,10390
20,35,4575
20,38,1024
20,40,4729
20,41,3263
20,43,9502
20,47,1752
20,48,7094
20,49,2756
20,59,11263
20,60,7074
20,62,5857
20,65,9806
20,68,5205
20,76,8278
20,95,7153
20,99,10495
20,102,10736
20,104,12386
20,105,8882
20,110,7138
20,111,2815
20,112,9035
20,114,4372
20,117,5013
20,118,2139
20,120,4620
20,124,3483
20,131,4341
20,135,5605
20,145,2987
20,150,4225
20,153,6788
20,169,7809
20,176,7333
20,179,9426
20,181,1816
20,182,1365
20,187,9243
20,195,829
20,196,8375
21,26,6430
21,32,3257
21,37,8166
21,44,2731
21,45,5996
21,47,1066
21,48,4384
21,62,4430
21,71,9231
21,72,10063
21,75,2902
21,82,6516
21,84,2186
21,91,5765
21,94,8200
21,104,8197
21,105,9045
21,107,2740
21,118,1177
21,121,2914
21,125,6790
21,133,8579
21,138,6487
21,144,6856
21,145,1406
21,146,8685
21,161,6133
21,176,4977
21,181,2295
21,182,2815
22,23,797
22,24,3458
22,26,7297
22,33,8121
22,44,998
22,46,3411
22,49,3154
22,53,3820
22,56,4316
22,57,7197
22,59,9846
22,63,5668
22,66,11992
22,70,2054
22,71,9384
22,73,7992
22,81,1121
22,82,10376
22,98,6047
22,101,6533
22,103,2237
22,106,5944
22,122,6293
22,123,12159
22,135,5276
22,144,6868
22,146,9377
22,153,7833
22,159,7941
22,165,7497
22,173,8224
22,174,6245
22,180,3739
22,182,761
22,184,12879
22,188,11413
22,193,3918
22,194,11238
22,198,2476
23,34,8497
23,38,587
23,41,5497
23,57,8423
23,71,14544
23,73,7517
23,75,5824
23,77,476
23,79,10356
23,89,10039
23,91,8680
23,93,7126
23,95,8587
23,100,4039
23,103,2103
23,110,8170
23,117,7186
23,123,14698
23,124,4206
23,129,9505
23,131,5675
23,132,9824
23,133,12175
23,139,7542
23,140,12571
23,143,6522
23,148,3988
23,152,5830
23,153,9410
23,159,6925
23,160,8935
23,161,11046
23,162,9036
23,164,13667
23,165,8393
23,167,9747
23,172,11855
23,181,3509
23,182,270
23,184,11465
23,186,5326
23,188,9234
23,189,16350
23,193,4877
24,29,3146
24,33,4170
24,34,4064
24,38,4126
24,41,965
24,53,2023
24,58,8728
24,78,4216
24,79,6799
24,80,5057
24,87,9216
24,91,5590
24,96,9320
24,105,8595
24,114,3949
24,115,2628
24,126,6325
24,127,4424
24,135,3725
24,137,5256
24,144,6445
24,149,5358
24,151,3522
24,162,5278
24,169,6175
24,175,4694
24,178,4973
24,186,5576
24,188,7234
24,192,1557
24,194,5601
25,29,3036
25,33,4084
25,40,10098
25,42,8747
25,47,9597
25,58,3157
25,59,2164
25,62,8226
25,63,3666
25,64,4747
25,66,4530
25,68,4960
25,75,8386
25,82,5004
25,83,6873
25,87,8192
25,90,1360
25,92,3743
25,94,3204
25,97,11916
25,105,8565
25,108,2338
25,116,1112
25,119,8105
25,128,9792
25,130,5786
25,131,7415
25,133,2196
25,137,4646
25,147,938
25,151,5161
25,153,8171
25,159,2881
25,160,6478
25,173,7400
25,174,4604
25,176,5583
25,177,8865
25,180,8480
25,183,6809
25,187,1499
25,188,3928
25,189,1945
25,194,5060
26,30,8842
26,32,7155
26,37,15359
26,42,14840
26,44,5807
26,48,8546
26,61,6995
26,65,7271
26,76,9913
26,84,9398
26,97,9831
26,118,8084
26,125,11070
26,132,10579
26,139,6282
26,141,4148
26,145,8843
26,146,2645
26,154,10391
26,157,6136
26,164,9494
26,170,11778
26,172,9519
26,177,10082
26,184,7292
26,187,7109
26,189,10888
26,192,4150
26,193,5471
27,29,5856
27,39,9225
27,41,2718
27,42,12729
27,45,8463
27,46,5410
27,49,6618
27,51,2309
27,56,3337
27,58,11101
27,59,6264
27,62,1421
27,63,5118
27,71,10742
27,81,8474
27,87,11172
27,90,5652
27,97,7117
27,100,7187
27,103,5850
27,104,3213
27,106,2675
27,107,3898
27,111,7617
27,121,6797
27,136,3932
27,137,2824
27,143,7395
27,144,10262
27,148,10334
27,149,4382
27,154,10914
27,161,7312
27,162,7339
27,169,6000
27,171,5795
27,189,6198
27,191,11150
27,196,3623
27,197,5064
28,34,10722
28,52,5951
28,55,10494
28,56,3103
28,60,6443
28,70,1827
28,83,5933
28,103,1400
28,107,5869
28,108,7789
28,125,11437
28,133,14313
28,134,11520
28,144,12392
28,145,4860
28,150,6360
28,153,8336
28,156,2395
28,161,10338
28,167,9522
28,168,10100
28,169,12883
28,172,12772
28,177,4078
28,183,8801
28,191,9324
29,31,4950
29,32,2067
29,37,5850
29,38,7062
29,43,3781
29,44,7666
29,54,4249
29,68,2663
29,72,5791
29,78,2375
29,84,5681
29,93,5809
29,94,3596
29,97,5529
29,102,7018
29,107,1766
29,118,3461
29,131,6080
29,137,5290
29,138,7110
29,145,3355
29,146,8199
29,147,4660
29,164,6144
29,165,2187
29,166,1117
29,168,3045
29,170,4466
29,173,4912
29,183,5808
29,185,8913
29,192,3492
29,193,3856
30,31,8466
30,33,5685
30,38,11241
30,39,14209
30,46,8175
30,50,11390
30,52,9374
30,54,3179
30,55,7034
30,57,7092
30,58,3931
30,62,10946
30,67,4912
30,82,4795
30,91,4307
30,97,9235
30,100,12093
30,103,12417
30,104,10720
30,106,9121
30,110,7654
30,117,5777
30,118,10976
30,123,1604
30,126,2459
30,131,8101
30,138,10580
30,140,4223
30,147,646
30,149,2599
30,167,6435
30,170,8961
30,171,4030
30,176,4735
30,179,8586
30,185,10542
30,188,3894
30,195,13677
31,32,3012
31,39,3517
31,46,648
31,49,2942
31,54,8597
31,55,6652
31,61,2018
31,63,4668
31,75,4051
31,78,4351
31,81,3754
31,83,1657
31,88,4072
31,89,7165
31,93,6140
31,94,6573
31,99,9356
31,104,11422
31,110,5108
31,113,1425
31,114,4203
31,116,7471
31,120,2161
31,123,8729
31,124,2260
31,125,6475
31,127,3846
31,147,9179
31,148,2843
31,151,4658
31,161,5458
31,164,11272
31,166,2717
31,167,7353
31,168,8645
31,174,3582
31,178,4658
31,180,2718
31,184,8464
31,190,7272
31,193,2844
31,195,2993
32,41,3934
32,52,3071
32,54,6188
32,59,6689
32,72,5114
32,79,5669
32,81,7562
32,101,686
32,108,3247
32,117,2825
32,126,5393
32,130,7003
32,146,10459
32,147,5969
32,151,4531
32,160,6253
32,166,1801
32,168,5615
32,170,3101
32,185,5548
32,186,3335
32,190,5911
32,192,2810
32,195,4133
32,199,3660
33,34,2681
33,35,3708
33,44,7370
33,48,1747
33,58,4521
33,62,9257
33,66,3032
33,69,499
33,71,3281
33,90,2862
33,91,183
33,94,6048
33,98,4407
33,100,6924
33,107,4330
33,110,4853
33,111,5878
33,112,10953
33,118,5749
33,123,5605
33,139,3064
33,153,6963
33,165,443
33,166,2768
33,167,8953
33,172,5617
33,176,5615
33,187,2807
33,193,5064
33,194,1951
34,52,6078
34,58,4232
34,62,6920
34,64,6812
34,69,2891
34,72,6898
34,82,5704
34,85,4644
34,86,5535
34,99,8734
34,102,5923
34,110,3763
34,121,10202
34,124,5549
34,132,7265
34,135,7391
34,137,4583
34,152,4302
34,154,7172
34,178,5675
34,191,7294
34,194,6048
34,196,4883
35,38,4380
35,43,8494
35,44,5275
35,45,2071
35,49,1243
35,59,8268
35,62,6748
35,65,4874
35,71,7368
35,81,5572
35,82,6518
35,84,3871
35,85,8023
35,90,7090
35,94,7547
35,96,9471
35,99,8616
35,109,8580
35,114,6760
35,116,8484
35,119,7275
35,121,1701
35,124,5447
35,152,3496
35,174,2051
35,177,835
35,178,3907
35,179,4012
35,185,3893
35,191,4794
35,195,3220
36,42,506
36,43,8202
36,44,12762
36,46,10579
36,51,14067
36,54,7818
36,58,6919
36,62,16457
36,64,2689
36,66,3588
36,70,9733
36,72,3698
36,78,4662
36,79,9427
36,82,4291
36,83,8703
36,91,4918
36,93,11490
36,104,15129
36,110,12159
36,113,10886
36,126,9648
36,127,9977
36,143,4332
36,151,14483
36,156,8037
36,158,7214
36,160,13057
36,169,7152
36,170,6712
36,173,12284
36,175,3703
36,177,7005
36,186,6092
36,188,14429
36,192,10192
36,194,3402
37,38,8217
37,44,8761
37,46,9238
37,49,7265
37,56,12337
37,58,9203
37,60,14356
37,62,10776
37,63,6120
37,67,10260
37,70,9346
37,111,5340
37,120,8465
37,121,6485
37,131,8840
37,133,6119
37,135,4159
37,137,11987
37,161,4721
37,164,8954
37,170,4438
37,176,8217
37,178,2969
37,180,10880
37,183,10461
37,191,1360
37,192,7753
37,195,10791
37,198,9235
38,40,4034
38,46,3236
38,47,2891
38,58,12247
38,63,7161
38,72,7985
38,73,9251
38,81,1244
38,83,4173
38,88,9622
38,98,5777
38,101,6048
38,107,4863
38,117,6557
38,119,9472
38,125,9291
38,128,7203
38,129,12045
38,133,14950
38,136,11982
38,137,11370
38,138,8888
38,140,9676
38,150,4578
38,159,6802
38,164,15903
38,165,7497
38,167,8389
38,168,10315
38,170,4503
38,175,7808
38,177,3806
38,181,1864
38,182,429
38,195,915
38,199,8141
39,41,5386
39,48,8412
39,51,10525
39,59,10011
39,71,10801
39,72,7281
39,76,11518
39,80,3805
39,88,7952
39,95,6014
39,97,407
39,100,840
39,101,5895
39,110,7329
39,115,6001
39,116,13077
39,121,1059
39,122,5700
39,123,13193
39,129,6718
39,131,8087
39,133,11297
39,144,4692
39,148,1575
39,149,7466
39,152,4806
39,156,2505
39,165,7366
39,172,9536
39,173,7868
39,176,6417
39,179,4925
39,188,10700
39,192,7417
39,196,14749
40,41,5071
40,42,4154
40,44,4433
40,45,390
40,49,1648
40,56,5753
40,59,9310
40,66,6725
40,67,7371
40,74,7184
40,80,2595
40,82,6778
40,98,6363
40,106,7607
40,107,6221
40,116,7602
40,120,5214
40,132,4050
40,134,4444
40,140,12147
40,141,8041
40,150,716
40,155,3556
40,162,6792
40,164,12013
40,171,5568
40,185,3953
40,186,247
40,187,7389
40,193,6643
40,194,5522
41,52,5557
41,56,1494
41,66,11427
41,73,4661
41,80,6959
41,84,5640
41,88,3592
41,92,3040
41,93,4403
41,94,6574
41,101,3423
41,109,6213
41,111,4046
41,113,2202
41,120,930
41,123,8828
41,129,10001
41,131,1320
41,147,8030
41,151,3295
41,164,7429
41,165,5283
41,167,3626
41,175,5991
41,178,8729
41,180,758
41,182,4492
41,186,5626
41,190,5070
41,196,5722
42,51,10315
42,57,4436
42,67,11460
42,68,8930
42,74,2321
42,80,5311
42,95,6803
42,101,5866
42,108,7875
42,115,10580
42,118,7228
42,121,8646
42,135,4877
42,147,8599
42,148,5395
42,171,9016
42,175,4825
42,176,8618
42,177,5376
42,178,3943
42,179,1645
42,181,9066
42,182,8965
42,183,14092
42,184,12650
42,186,4314
42,195,8622
42,197,7048
42,199,6592
43,45,10467
43,54,2429
43,55,7244
43,59,1610
43,61,7917
43,64,7547
43,70,8763
43,76,1788
43,81,13349
43,83,6073
43,87,7827
43,96,3164
43,98,6867
43,104,7949
43,116,1192
43,117,5123
43,123,1339
43,127,14905
43,128,10966
43,131,8965
43,139,3764
43,148,9340
43,157,6015
43,160,6095
43,167,7692
43,171,2608
43,179,7965
43,183,7826
43,186,9909
43,188,4125
43,193,9314
43,194,4644
43,197,4458
43,199,4445
44,49,3334
44,50,1840
44,53,3629
44,65,7680
44,70,1638
44,80,8063
44,83,4736
44,85,11728
44,88,6456
44,94,12459
44,96,12871
44,101,5617
44,105,11081
44,112,9444
44,115,4521
44,118,3158
44,122,7110
44,123,11808
44,134,10919
44,138,11566
44,140,12642
44,146,8702
44,149,9370
44,164,10688
44,171,11607
44,172,12757
44,176,6575
44,180,4830
44,189,13901
44,191,11596
44,192,4654
45,48,5759
45,53,7878
45,57,4208
45,63,5960
45,64,4121
45,66,6709
45,67,7740
45,80,2405
45,86,10844
45,87,4291
45,88,5850
45,89,7867
45,93,9212
45,94,11940
45,98,5708
45,111,1800
45,112,13599
45,115,8223
45,120,6218
45,121,2996
45,123,12527
45,133,6897
45,134,5405
45,140,12406
45,144,2640
45,146,11464
45,153,1617
45,165,4674
45,166,5118
45,168,7726
45,179,3274
45,181,2735
45,185,3705
45,186,515
45,199,5706
46,50,5051
46,51,5102
46,53,3614
46,56,2769
46,59,9306
46,64,5900
46,66,6595
46,74,9945
46,82,6006
46,84,3448
46,89,6012
46,92,4157
46,94,7353
46,112,6185
46,119,7340
46,120,2118
46,125,6332
46,129,6960
46,138,6825
46,142,8261
46,143,4243
46,146,10149
46,147,6612
46,151,4761
46,156,3192
46,159,4729
46,164,8929
46,167,6196
46,181,3661
46,182,4352
46,186,3350
46,193,1744
46,195,2667
46,198,1152
47,50,3330
47,54,11876
47,55,8207
47,57,6790
47,67,6123
47,71,8547
47,80,5166
47,81,4088
47,84,3113
47,87,8815
47,103,1633
47,105,12196
47,107,3239
47,111,4918
47,113,1032
47,137,8260
47,139,6660
47,145,3581
47,147,9552
47,148,5541
47,151,5950
47,152,2248
47,154,8411
47,157,5915
47,159,4869
47,162,9335
47,169,9083
47,170,4735
47,171,7540
47,178,8806
47,181,3729
47,191,7892
47,193,2153
47,195,2348
48,56,7115
48,63,660
48,70,5766
48,78,3316
48,79,4499
48,82,4707
48,84,5948
48,85,4303
48,89,2764
48,101,1456
48,109,6506
48,126,3136
48,128,6004
48,131,4720
48,136,9625
48,137,5715
48,138,8832
48,140,5946
48,148,4640
48,151,4591
48,154,6245
48,161,3359
48,175,4091
48,177,5392
48,183,4715
48,188,3934
48,189,5105
48,190,6179
48,191,5402
48,198,4610
49,52,2551
49,56,4850
49,65,7213
49,66,6768
49,69,4520
49,74,5903
49,75,5588
49,80,3015
49,83,3038
49,88,7689
49,102,4391
49,107,5425
49,115,7121
49,117,6592
49,124,4599
49,126,8539
49,127,4301
49,128,10341
49,134,6199
49,142,8468
49,146,13941
49,150,1652
49,151,6240
49,152,4307
49,165,7476
49,166,3995
49,167,8264
49,178,5264
49,181,1326
49,187,7324
49,196,12398
49,197,4576
50,51,10258
50,54,11814
50,62,6835
50,70,2867
50,74,13492
50,82,9150
50,86,12682
50,90,9300
50,96,13706
50,103,3052
50,105,14451
50,115,7681
50,118,4961
50,126,12857
50,129,14358
50,130,9692
50,131,5057
50,153,6573
50,154,10446
50,158,11867
50,165,8901
50,172,12263
50,183,12493
50,186,6755
50,193,6736
50,194,8765
50,195,1956
50,197,9179
51,57,6745
51,62,3699
51,72,8527
51,76,6301
51,77,12312
51,79,4938
51,82,7736
51,88,2452
51,97,7898
51,105,10838
51,114,4570
51,116,3568
51,117,3062
51,118,7447
51,120,4490
51,126,3366
51,129,9561
51,131,3703
51,132,11510
51,134,6892
51,139,3272
51,140,1240
51,157,3742
51,162,4330
51,169,4775
51,170,8329
51,171,6376
51,172,6541
51,174,7498
51,178,10137
51,179,12800
51,180,4535
51,186,11252
51,190,1582
52,54,8759
52,59,9718
52,60,9330
52,63,5687
52,69,5400
52,71,6185
52,74,6052
52,86,12577
52,91,5242
52,93,10100
52,95,4700
52,101,3436
52,103,6728
52,110,7597
52,112,9529
52,114,10260
52,117,6957
52,119,8593
52,123,10841
52,124,8611
52,125,4050
52,126,8036
52,138,10250
52,144,3194
52,145,3496
52,152,6830
52,157,4425
52,167,9649
52,177,2433
52,179,2702
52,184,8546
52,196,13146
53,55,9593
53,60,2761
53,63,4971
53,70,2437
53,73,3766
53,76,8288
53,82,7430
53,93,3760
53,110,4708
53,112,4496
53,113,2530
53,115,618
53,116,8709
53,131,765
53,132,9471
53,137,5501
53,152,2022
53,158,7735
53,161,7715
53,168,6587
53,169,6727
53,172,12572
53,173,2754
53,178,6718
53,179,11584
53,184,6721
53,187,7214
53,193,1602
53,196,5651
53,198,2155
54,55,4350
54,63,5428
54,65,3795
54,69,4106
54,70,11183
54,72,3870
54,77,14835
54,83,7715
54,86,2169
54,92,6299
54,94,6516
54,95,4071
54,110,7182
54,111,10116
54,121,10382
54,124,8741
54,153,7407
54,154,3205
54,156,10826
54,161,3588
54,168,3343
54,172,1597
54,175,7792
54,176,8348
54,183,7049
54,184,4572
54,185,9587
54,187,4002
54,188,8409
54,189,3631
54,190,11066
55,64,1202
55,67,10492
55,75,11123
55,81,9197
55,86,7495
55,88,6618
55,89,4336
55,102,1246
55,108,6853
55,113,6245
55,120,6027
55,123,6213
55,126,8258
55,127,9048
55,137,11360
55,140,12501
55,141,8817
55,143,1479
55,144,2031
55,155,1262
55,156,7187
55,157,5567
55,167,12553
55,168,5457
55,170,4185
55,191,852
55,198,6420
56,57,8232
56,60,2866
56,67,4220
56,72,9667
56,76,10661
56,83,4334
56,84,4104
56,85,8735
56,94,9202
56,97,6364
56,99,6553
56,101,5068
56,105,12760
56,109,9124
56,113,2318
56,116,7667
56,129,9502
56,131,944
56,135,8071
56,136,6566
56,151,3863
56,153,8102
56,155,8265
56,159,5219
56,164,9761
56,165,7782
56,171,6836
56,172,9338
56,173,2623
56,180,1104
56,183,5929
56,188,5956
56,191,11700
56,192,2493
56,196,6306
56,199,7357
57,61,5578
57,69,1761
57,74,3279
57,78,1236
57,81,9818
57,82,1054
57,90,3677
57,98,7587
57,99,10046
57,118,6321
57,120,5266
57,121,5537
57,124,7328
57,127,9371
57,132,1612
57,133,4119
57,135,4154
57,139,3625
57,152,7336
57,170,4927
57,183,9045
57,199,607
58,69,4657
58,75,12466
58,76,2355
58,81,16528
58,90,4061
58,97,10242
58,106,11108
58,110,8517
58,116,3076
58,117,6452
58,126,4383
58,134,4308
58,149,4119
58,154,3465
58,157,5096
58,161,4957
58,171,3185
58,173,11828
58,176,9097
58,178,5340
58,189,3936
58,193,11740
58,195,12105
59,60,7561
59,67,4156
59,84,9758
59,95,5453
59,96,4353
59,98,6819
59,102,7688
59,109,2760
59,118,7340
59,123,2010
59,131,8230
59,138,8689
59,139,4709
59,156,9647
59,176,5581
59,177,9849
59,181,10436
59,182,14826
59,183,6047
59,184,1439
59,185,9943
59,189,479
59,195,9656
59,198,8576
60,65,7070
60,66,13804
60,96,14431
60,100,7779
60,106,2381
60,115,1689
60,117,4476
60,118,4998
60,119,2870
60,123,10847
60,132,10413
60,142,9452
60,144,13300
60,155,9174
60,162,8672
60,163,10818
60,173,1146
60,174,7405
60,181,9221
60,183,3166
60,185,9627
60,188,5906
60,197,6770
61,76,6647
61,90,3871
61,92,2257
61,95,2247
61,97,5138
61,99,7933
61,100,5226
61,101,1388
61,102,6648
61,103,5816
61,106,2966
61,125,4657
61,126,4924
61,129,6028
61,141,5452
61,144,7539
61,155,7247
61,159,1674
61,160,4214
61,162,4433
61,169,3854
61,170,4302
61,182,6799
61,189,7793
61,196,7351
62,67,3885
62,74,10249
62,82,8411
62,88,5463
62,89,11621
62,90,6278
62,103,6407
62,106,1850
62,139,5254
62,144,9855
62,147,7746
62,150,7185
62,156,7958
62,161,8569
62,163,11509
62,168,6626
62,174,7620
62,178,8461
62,182,7717
62,184,7106
62,197,7011
63,73,3885
63,78,1910
63,87,6732
63,89,3415
63,107,1878
63,110,4038
63,115,5003
63,128,7106
63,130,5870
63,132,3912
63,141,6422
63,142,4797
63,148,5768
63,152,3057
63,156,5337
63,163,4548
63,185,7841
63,198,3876
64,77,9019
64,80,3256
64,87,2677
64,94,7016
64,113,8991
64,114,11649
64,119,10480
64,142,5231
64,143,2783
64,144,3214
64,151,10198
64,165,3287
64,166,6209
64,176,6775
64,179,1825
64,181,9454
64,187,6596
64,190,10802
64,194,1219
65,67,5418
65,68,3148
65,74,8049
65,80,3499
65,87,6177
65,102,6108
65,103,10241
65,107,3651
65,114,7232
65,115,7433
65,122,2287
65,127,10371
65,137,4112
65,144,8503
65,145,6610
65,148,8040
65,153,6945
65,156,8063
65,164,5162
65,168,1433
65,173,7217
65,176,2636
65,177,6931
65,183,5866
65,187,635
65,188,3779
65,190,7012
66,67,9913
66,68,6732
66,77,10063
66,81,9355
66,97,8227
66,98,7721
66,101,5745
66,103,10252
66,107,6902
66,110,9037
66,124,9771
66,128,11878
66,137,9983
66,143,2967
66,149,6244
66,152,10492
66,177,6113
66,179,2958
66,181,10815
66,182,9432
66,183,11119
66,185,7871
66,196,11106
66,199,1747
67,72,11017
67,74,8767
67,86,10722
67,91,6841
67,94,2721
67,99,3378
67,105,10362
67,113,6318
67,117,2325
67,118,5641
67,119,1807
67,122,5956
67,123,6251
67,126,3964
67,129,9673
67,133,8004
67,136,4198
67,138,3381
67,141,7702
67,143,9276
67,146,4010
67,147,5532
67,149,4249
67,152,3450
67,155,9346
67,163,6656
67,172,8371
67,179,9328
67,185,8438
67,192,2991
67,195,6804
68,70,5681
68,71,7927
68,72,6817
68,76,4760
68,78,5375
68,86,8224
68,90,3612
68,91,5253
68,92,963
68,93,2883
68,94,3281
68,95,3327
68,99,5756
68,102,10104
68,105,8866
68,106,3176
68,107,1377
68,109,4058
68,115,3185
68,116,4587
68,132,6436
68,137,3629
68,142,7633
68,144,10935
68,146,5221
68,152,2563
68,160,1821
68,165,6229
68,166,1756
68,181,6988
68,182,6254
68,183,2777
68,192,1108
68,193,2190
68,194,6878
69,80,1577
69,83,2664
69,89,2727
69,92,4061
69,117,3471
69,122,851
69,125,1059
69,132,2942
69,135,4041
69,139,2353
69,140,8712
69,142,3727
69,145,5358
69,146,9408
69,149,2765
69,151,6273
69,161,973
69,165,1135
69,167,6297
69,169,2475
69,174,1654
69,177,4818
69,178,2175
69,180,5632
69,183,6056
69,184,4356
69,189,6682
69,191,3361
69,196,7311
70,75,2543
70,80,5693
70,83,3601
70,85,12612
70,87,9757
70,92,4971
70,102,8007
70,104,8748
70,112,6772
70,116,12103
70,118,2594
70,120,3944
70,124,1158
70,125,6743
70,126,8602
70,134,7751
70,135,4818
70,138,8251
70,156,2136
70,158,9291
70,162,8853
70,167,4711
70,178,9169
70,183,7146
70,191,8617
70,199,9286
71,81,10503
71,90,3657
71,93,10475
71,96,6098
71,105,6272
71,108,3913
71,110,7536
71,111,10508
71,114,9754
71,121,7820
71,130,8147
71,131,11013
71,135,7111
71,136,11074
71,137,7129
71,141,9611
71,145,9371
71,150,8621
71,152,7611
71,156,10816
71,159,5452
71,161,3515
71,163,1886
71,168,2907
71,169,2261
71,171,2924
71,172,2650
71,185,10183
71,187,3615
71,193,10379
71,194,3173
72,76,5558
72,79,4701
72,80,3462
72,83,4654
72,89,4528
72,93,12046
72,95,4583
72,97,5733
72,98,6792
72,107,5800
72,114,10759
72,145,6541
72,151,8543
72,154,1555
72,157,4393
72,158,2889
72,162,6878
72,163,5332
72,175,3182
72,192,7564
72,195,8872
72,197,6383
73,88,2525
73,92,1655
73,94,3060
73,98,2548
73,105,11589
73,110,865
73,115,4301
73,126,4088
73,127,7157
73,132,8501
73,136,3499
73,153,11206
73,159,3327
73,169,7007
73,180,4569
73,189,6574
73,192,2218
73,199,6587
74,75,9003
74,87,1561
74,90,7716
74,91,4993
74,98,8184
74,99,14217
74,101,7503
74,102,2123
74,106,10438
74,107,7362
74,111,6525
74,113,8799
74,117,10753
74,120,9588
74,126,6609
74,131,12558
74,136,17750
74,139,7021
74,140,10012
74,141,9869
74,151,11180
74,155,2279
74,164,10215
74,166,6260
74,175,3594
74,182,10310
74,183,9367
74,184,7593
74,185,9461
75,113,2869
75,114,1866
75,115,985
75,118,3457
75,119,3790
75,124,820
75,128,4378
75,133,8425
75,140,5670
75,141,2732
75,144,8023
75,147,7219
75,149,5472
75,152,2011
75,159,4710
75,168,6720
75,170,6246
75,174,6100
75,177,5280
75,182,4058
75,188,7633
75,193,1294
76,83,5586
76,91,2468
76,92,5844
76,100,8483
76,110,6040
76,113,10604
76,115,10837
76,121,7533
76,125,2531
76,126,3423
76,129,5337
76,132,5497
76,133,1666
76,134,3478
76,135,5808
76,136,8793
76,137,5747
76,147,2032
76,150,8900
76,156,12117
76,158,1354
76,160,6797
76,161,4440
76,166,4491
76,172,2268
76,189,4271
76,190,7801
76,196,8760
76,197,5084
77,79,10018
77,83,5243
77,84,2541
77,85,9931
77,88,7290
77,92,10415
77,97,4328
77,100,4211
77,103,2269
77,111,5408
77,115,5939
77,134,12221
77,136,9447
77,139,7609
77,144,11119
77,154,12341
77,167,7684
77,168,11844
77,173,7546
77,177,4302
77,179,8255
77,187,11583
77,192,6724
77,198,3885
78,85,4153
78,86,6521
78,89,3553
78,92,4803
78,95,2174
78,98,4847
78,101,2475
78,102,3580
78,122,815
78,131,5785
78,134,2025
78,142,4353
78,145,4719
78,146,9585
78,147,5702
78,152,4393
78,159,3115
78,160,7710
78,164,8117
78,165,1619
78,166,2510
78,167,7807
78,170,4179
78,173,7300
78,189,7013
78,192,4575
79,83,6713
79,89,1870
79,102,6612
79,106,7068
79,109,4042
79,113,8426
79,115,8684
79,120,6686
79,125,3993
79,126,2068
79,129,5630
79,137,6848
79,149,1724
79,154,4806
79,157,5331
79,160,8354
79,162,1297
79,170,8937
79,171,2646
79,178,5837
79,185,12250
79,187,2030
79,195,12255
79,199,4094
80,82,2532
80,88,4656
80,93,8627
80,101,2560
80,102,3282
80,105,6215
80,119,10115
80,128,9040
80,132,2523
80,133,6844
80,145,2891
80,147,7627
80,156,6512
80,157,3053
80,159,3030
80,163,6374
80,169,4571
80,170,2908
80,189,9500
80,191,3197
80,193,5197
81,86,13850
81,89,9939
81,94,11847
81,97,3358
81,119,8535
81,121,3603
81,124,5230
81,130,13191
81,138,10207
81,147,12286
81,150,5920
81,163,14645
81,164,13784
81,168,10612
81,179,8140
81,181,2599
81,183,9056
81,195,1536
81,197,6969
82,94,5712
82,100,6415
82,104,10356
82,109,9148
82,111,6005
82,125,1632
82,126,5063
82,129,1666
82,131,8935
82,136,12115
82,143,2353
82,147,4276
82,152,6086
82,163,4513
82,167,11342
82,170,4748
82,180,10024
82,182,10546
82,184,5766
82,185,7191
82,186,5745
83,87,6646
83,96,10914
83,112,6671
83,118,2072
83,122,1906
83,131,4595
83,136,9652
83,137,6859
83,138,6918
83,145,1786
83,147,6681
83,150,3198
83,159,2318
83,161,3984
83,164,6610
83,167,7401
83,171,3515
83,173,4832
83,178,4167
83,179,5330
83,185,4661
83,188,5669
83,197,1404
83,199,4456
84,94,11597
84,98,5387
84,110,8572
84,112,10584
84,115,6114
84,117,5216
84,122,7261
84,126,9506
84,162,7737
84,163,11963
84,179,6452
84,181,922
84,186,2828
84,187,9668
84,188,10396
84,192,6537
84,193,4178
84,195,703
84,197,5009
85,87,3795
85,88,6880
85,95,4276
85,99,10318
85,105,4962
85,107,6103
85,112,10250
85,113,9237
85,126,5156
85,134,1710
85,139,5454
85,143,3162
85,151,9006
85,154,526
85,156,9197
85,157,4969
85,158,1634
85,184,6037
85,187,5243
85,190,9472
85,191,2406
85,193,8149
86,89,4250
86,94,5981
86,96,1725
86,103,11571
86,114,10742
86,117,8073
86,119,8668
86,136,10116
86,138,10233
86,141,12581
86,144,9735
86,146,13561
86,147,3564
86,150,12165
86,151,7810
86,155,7260
86,158,4363
86,161,5299
86,165,5191
86,171,3902
86,173,11270
86,175,8345
86,181,14322
86,185,16444
86,187,5038
86,189,3024
86,193,11921
86,197,6363
87,92,11391
87,108,7167
87,111,6647
87,119,11447
87,131,13572
87,133,7181
87,141,12918
87,143,3198
87,183,10859
87,188,10511
87,192,10311
87,195,10914
87,199,4866
88,99,7310
88,102,7671
88,105,10358
88,111,6214
88,115,3982
88,128,5172
88,129,8848
88,130,2902
88,131,4094
88,135,5336
88,136,6360
88,138,7304
88,146,5820
88,148,6064
88,149,2198
88,161,4563
88,163,6896
88,172,6381
88,183,2882
88,189,5195
88,191,6894
88,192,2310
88,195,8330
88,198,4529
89,90,2968
89,92,4329
89,93,9004
89,94,5411
89,95,3200
89,96,6063
89,98,5121
89,104,9010
89,108,3016
89,122,3136
89,123,3124
89,126,4235
89,133,1467
89,140,7387
89,154,2609
89,155,5193
89,159,3277
89,162,3295
89,164,4739
89,167,9670
89,169,1368
89,175,4157
89,182,8890
89,195,9578
90,92,3506
90,100,9217
90,106,7572
90,108,872
90,110,3997
90,116,1927
90,122,4277
90,124,8856
90,126,1038
90,135,6755
90,140,4101
90,141,11303
90,156,8293
90,157,2910
90,166,3184
90,169,1541
90,177,6128
90,180,7084
90,187,251
90,189,3287
90,192,4438
90,198,6312
91,97,7979
91,98,5840
91,100,6635
91,104,8632
91,109,7116
91,114,8117
91,117,5333
91,119,8656
91,124,6096
91,128,7242
91,135,3608
91,138,8525
91,140,7271
91,149,3067
91,159,3150
91,163,3519
91,164,5736
91,167,8842
91,170,4458
91,171,1363
91,177,5032
91,183,5960
91,187,2724
91,188,5200
91,189,4996
91,190,9019
91,196,10492
92,94,2755
92,95,2463
92,97,8330
92,107,2213
92,114,4541
92,125,5928
92,126,2175
92,127,7996
92,131,3771
92,133,5379
92,134,5603
92,139,1209
92,140,2819
92,141,6545
92,145,4344
92,158,6395
92,161,4582
92,180,3346
92,188,2263
93,101,5344
93,103,5258
93,111,10608
93,114,2259
93,116,6313
93,117,3628
93,128,695
93,133,12065
93,140,3822
93,142,9628
93,143,10587
93,144,11071
93,155,9677
93,159,5225
93,165,9096
93,172,11089
93,178,10455
93,181,7966
93,199,9444
94,101,6700
94,125,5726
94,136,6912
94,138,5338
94,143,9624
94,154,7080
94,167,4326
94,180,6588
94,185,12012
94,186,8979
94,189,2391
94,190,4336
94,194,9133
94,198,8711
95,96,6986
95,98,3338
95,102,6771
95,103,6573
95,105,7150
95,110,3993
95,116,3601
95,122,1825
95,127,6275
95,128,5748
95,130,5392
95,147,3627
95,148,6213
95,161,2532
95,166,1258
95,177,5003
95,186,6449
95,197,1028
96,102,9257
96,113,10543
96,120,12916
96,124,11321
96,135,11390
96,136,9843
96,138,12154
96,140,6282
96,147,2667
96,152,13490
96,154,6174
96,155,11145
96,156,14956
96,158,5993
96,161,9522
96,166,10406
96,168,3635
96,170,10084
96,171,5119
96,173,9329
96,178,7916
96,180,9694
96,195,17824
96,199,5916
97,106,7762
97,123,10568
97,126,7764
97,134,6171
97,140,9493
97,143,4881
97,146,13091
97,164,10835
97,165,5937
97,167,10766
97,177,1147
97,186,1155
97,193,4993
98,105,9475
98,107,867
98,120,1086
98,124,3642
98,126,4372
98,128,4245
98,129,8141
98,131,1955
98,132,9364
98,137,4747
98,143,7502
98,145,3226
98,150,6225
98,151,1959
98,152,2183
98,157,2631
98,159,2511
98,161,4560
98,162,3695
98,167,2716
98,168,5570
98,169,4378
98,172,7226
98,179,7336
98,184,5744
98,188,4656
99,106,4522
99,107,5686
99,108,6700
99,113,7776
99,121,9314
99,124,6008
99,128,1510
99,131,4965
99,136,864
99,144,13125
99,148,10516
99,157,9656
99,158,9512
99,163,10528
99,173,3243
99,183,2708
99,187,7224
99,189,8418
99,191,14791
99,197,6855
99,199,9940
100,101,3627
100,105,5591
100,111,661
100,117,6555
100,136,12414
100,138,9508
100,139,7190
100,140,8810
100,143,3865
100,146,10529
100,153,3257
100,156,3123
100,158,8839
100,177,935
100,180,7298
100,181,2100
100,183,8073
100,186,617
100,194,7231
101,106,4086
101,109,8122
101,112,7594
101,117,3105
101,119,5979
101,122,1778
101,126,3642
101,127,6289
101,135,3361
101,137,6214
101,140,6370
101,143,3107
101,147,5369
101,151,5311
101,153,6153
101,156,6290
101,160,4231
101,163,5420
101,170,3698
101,174,2262
101,176,3826
101,181,4184
101,185,5611
101,186,5168
101,187,3809
101,195,6650
101,197,708
102,107,6106
102,109,12393
102,111,5879
102,123,8469
102,131,11367
102,132,1514
102,134,2368
102,138,13605
102,140,9715
102,148,3998
102,152,6785
102,154,3197
102,155,924
102,158,3894
102,172,8544
102,176,8267
102,177,4356
102,193,8135
102,195,7661
102,199,3315
103,106,3389
103,112,7725
103,113,2979
103,114,4359
103,120,5449
103,124,2272
103,126,8963
103,131,4069
103,142,15650
103,143,7495
103,144,12304
103,148,5469
103,150,5962
103,160,6152
103,161,10059
103,163,11779
103,174,8885
103,177,5204
103,179,12299
103,180,4309
103,183,9915
103,189,12751
103,190,8530
103,191,9274
103,197,7670
104,105,13861
104,107,5916
104,110,3943
104,113,8757
104,118,9012
104,127,8587
104,130,3586
104,140,4702
104,143,11271
104,144,17677
104,156,9675
104,163,11833
104,165,12498
104,166,9233
104,167,3219
104,171,10493
104,177,12374
104,188,4289
104,190,2734
104,198,8878
105,109,11656
105,119,13163
105,120,10768
105,127,10573
105,145,7061
105,147,9491
105,150,5969
105,151,15263
105,157,6776
105,164,10566
105,165,6187
105,168,10807
105,173,11591
105,181,10453
105,184,9949
105,195,11818
105,196,13140
105,197,7078
106,110,3507
106,119,4525
106,120,2078
106,129,10736
106,131,224
106,136,5734
106,139,5206
106,154,12280
106,165,7171
106,166,5093
106,169,7513
106,170,7878
106,180,543
106,182,4470
106,184,6938
106,185,7304
106,186,8712
106,187,6966
106,195,4143
106,196,7323
107,110,2539
107,116,4625
107,128,4886
107,136,5935
107,141,4841
107,145,2960
107,149,4367
107,154,6068
107,162,3639
107,164,7667
107,166,841
107,168,4871
107,174,4676
107,176,2178
107,189,6635
107,193,1635
107,196,5605
107,198,3419
108,111,5678
108,112,7350
108,113,5811
108,117,3094
108,122,2457
108,123,3465
108,125,3969
108,131,6255
108,139,1014
108,144,8126
108,146,9760
108,147,3120
108,151,3766
108,152,3971
108,154,5151
108,156,8614
108,158,3816
108,170,7585
108,174,3882
108,175,6815
108,180,6398
108,182,10685
108,190,5701
108,196,5637
109,110,3635
109,111,10273
109,122,6131
109,126,2923
109,128,4956
109,129,8177
109,132,11583
109,134,7989
109,143,9712
109,148,12366
109,149,4221
109,151,4330
109,153,15078
109,157,5142
109,160,5073
109,163,6049
109,165,5761
109,168,3769
109,169,6147
109,184,1791
109,192,5042
109,198,8702
110,111,6949
110,113,6680
110,122,5520
110,123,9079
110,125,7540
110,137,2366
110,156,7256
110,161,8025
110,164,5303
110,169,6598
110,173,2226
110,176,915
110,185,10032
110,195,6459
110,197,3205
111,117,4604
111,120,5806
111,124,5893
111,133,10983
111,136,9456
111,137,8827
111,143,3088
111,150,1217
111,154,7906
111,157,4063
111,166,4104
111,167,7718
111,170,1500
111,172,10168
111,173,9353
111,176,5438
111,178,4560
111,181,1279
111,185,1848
111,188,11426
111,195,2335
111,199,5982
112,116,6915
112,118,8786
112,127,9221
112,130,3091
112,131,3616
112,133,12112
112,136,1189
112,139,7877
112,141,5687
112,143,13533
112,145,7033
112,157,5968
112,158,9236
112,160,2621
112,161,9774
112,163,13162
112,168,9612
112,173,2890
112,174,8258
112,175,13032
112,177,11976
112,194,10921
113,123,10624
113,124,2034
113,130,6844
113,137,7485
113,150,3990
113,152,2793
113,163,9911
113,175,5294
113,178,7098
113,179,8271
113,184,10004
113,195,1948
113,196,9416
114,115,1173
114,117,3558
114,123,9971
114,125,10956
114,128,3074
114,129,10617
114,131,1536
114,135,8020
114,141,3756
114,142,11687
114,148,9738
114,154,10469
114,157,5017
114,168,9107
114,171,6650
114,176,3903
114,189,10429
115,118,5005
115,136,4588
115,144,8612
115,146,6500
115,151,3246
115,155,10659
115,158,9981
115,165,9361
115,166,5399
115,167,3247
115,170,7298
115,180,843
115,184,8318
115,192,2091
115,194,10229
115,195,5363
116,119,5771
116,127,9105
116,133,4605
116,153,8636
116,156,9382
116,157,5092
116,160,5911
116,161,4974
116,168,1342
116,177,7846
116,178,6558
116,179,7342
116,181,8896
116,184,1447
116,185,11953
116,186,9393
116,187,2414
116,188,3605
116,189,1134
117,120,1108
117,121,7256
117,129,9521
117,134,7831
117,136,7081
117,137,4149
117,145,4760
117,151,1817
117,174,4101
117,176,1285
117,178,5540
117,179,8341
117,180,2205
117,185,7730
117,190,3077
117,194,7113
118,126,7196
118,129,6647
118,144,6289
118,145,302
118,149,6940
118,151,4983
118,154,9680
118,172,8249
118,183,5732
118,184,6411
118,186,3625
118,193,2947
118,194,5586
119,121,8535
119,122,9470
119,138,2024
119,141,6885
119,145,6947
119,155,9302
119,156,8828
119,160,1583
119,163,11295
119,166,5191
119,170,11674
119,173,1901
119,179,12057
119,180,3542
119,184,6331
119,185,10155
119,186,9808
119,194,9501
120,121,5825
120,124,1940
120,134,8111
120,136,6669
120,137,4351
120,138,6993
120,152,464
120,162,4900
120,163,7078
120,166,2374
120,179,6932
120,184,6772
120,185,5452
120,191,9183
121,127,4119
121,144,6561
121,145,2853
121,148,1408
121,152,4016
121,155,5686
121,156,2061
121,161,6127
121,162,10882
121,163,9329
121,177,1391
121,179,5140
121,181,574
121,182,2836
121,186,2320
121,189,9649
121,197,4694
121,198,3101
122,126,4037
122,129,4397
122,132,3670
122,134,2991
122,137,8911
122,138,7871
122,162,3339
122,171,2090
122,172,6003
122,173,5986
122,174,1158
122,177,5082
122,182,9270
122,184,4502
122,188,7214
122,193,4330
122,194,3250
122,196,8609
123,129,5348
123,136,8853
123,139,5085
123,150,9724
123,151,9289
123,155,8534
123,156,12446
123,171,3415
123,172,988
123,182,16615
123,186,9507
123,189,1996
123,194,6564
124,127,3276
124,134,8012
124,135,6695
124,142,10061
124,147,11193
124,153,8061
124,157,5859
124,165,7824
124,170,6678
124,171,8321
124,180,1080
124,186,5757
124,188,6308
124,189,11711
124,194,10822
125,128,10848
125,129,2720
125,130,6382
125,132,2286
125,136,10342
125,139,3114
125,142,4166
125,143,2106
125,158,2820
125,159,2952
125,164,7736
125,169,2569
125,171,1923
125,182,8153
125,183,7050
125,184,5802
125,189,5763
125,191,3051
125,194,1695
126,127,10316
126,131,6068
126,135,7170
126,145,6550
126,152,4626
126,153,9885
126,156,11783
126,158,3709
126,163,4575
126,164,3226
126,167,5610
126,191,7817
126,197,3057
127,128,8039
127,138,7772
127,139,9355
127,144,10066
127,146,8288
127,148,4552
127,153,7281
127,154,11189
127,157,6474
127,162,9904
127,163,14838
127,167,5613
127,178,10821
127,184,10833
127,185,3697
127,187,9240
127,192,6301
127,196,8449
127,197,5645
128,129,10652
128,131,4476
128,132,11286
128,140,4211
128,141,6524
128,145,9067
128,162,6223
128,170,8407
128,174,7759
128,179,10868
128,190,1212
128,192,3813
129,132,1437
129,139,6891
129,140,10392
129,143,3622
129,146,17385
129,147,8000
129,150,6734
129,153,6142
129,156,9564
129,159,7377
129,167,9667
129,170,6790
129,179,3726
129,181,7643
129,182,11442
129,185,8920
129,186,6128
130,131,4530
130,146,3406
130,157,5224
130,160,2181
130,163,6647
130,170,8203
130,174,6605
130,175,9118
130,179,12998
130,180,4939
130,181,9198
130,183,863
130,195,9811
131,134,9640
131,146,6185
131,152,1952
131,153,7608
131,161,8889
131,166,3559
131,173,1602
131,183,4633
131,196,7545
131,198,2753
132,136,15100
132,148,5987
132,152,8008
132,156,8837
132,164,7260
132,165,3581
132,167,11553
132,180,7627
132,185,9099
132,193,7643
132,199,2012
133,140,7036
133,142,1105
133,147,3948
133,172,1698
133,175,7984
133,192,6855
133,195,14001
133,198,8505
133,199,2969
134,148,4845
134,153,3534
134,154,2100
134,155,1926
134,156,8500
134,182,7803
134,186,4264
134,187,5435
134,188,9473
134,190,9116
134,194,706
135,136,12449
135,137,10558
135,138,9958
135,147,8283
135,149,7126
135,157,3536
135,158,5990
135,159,4260
135,160,8786
135,166,4407
135,168,6495
135,177,1596
135,190,9304
135,193,4058
135,196,9525
136,144,13472
136,145,10239
136,148,12864
136,161,11070
136,164,7365
136,165,12991
136,168,7321
136,172,12346
136,175,10851
136,183,3530
136,186,13297
136,189,9649
136,191,12971
136,193,5413
136,194,11040
136,198,9845
137,140,433
137,141,6819
137,148,8400
137,151,2269
137,155,9143
137,162,4289
137,165,8996
137,166,4486
137,169,5293
137,174,7317
137,178,8149
137,183,1176
137,188,1541
137,190,2149
138,140,4186
138,142,13794
138,146,864
138,150,10314
138,151,3852
138,153,15326
138,157,7653
138,158,13507
138,182,8484
138,192,4274
138,193,5409
138,194,10054
139,141,8020
139,147,4427
139,152,2961
139,155,5794
139,157,1258
139,166,1887
139,172,5448
139,173,4348
139,174,4624
139,181,6456
139,188,3446
139,193,3843
139,194,4939
139,198,4346
140,145,9246
140,147,4184
140,148,10320
140,150,8073
140,167,3928
140,168,5164
140,169,5695
140,172,8883
140,179,10214
140,187,5450
140,190,2727
140,191,8752
140,194,11275
140,197,6640
141,152,2952
141,153,11585
141,157,5585
141,167,6578
141,171,7581
141,173,4890
141,174,8750
141,182,2827
141,187,9467
141,189,9435
141,193,3027
142,148,9540
142,167,9960
142,169,1903
142,170,10404
142,172,1089
142,174,5580
142,184,3743
142,186,8009
142,191,6924
142,196,11077
142,199,3270
143,145,3568
143,147,6065
143,150,2654
143,154,3437
143,166,4550
143,175,800
143,178,767
143,185,6082
143,187,5418
143,191,2070
144,152,6909
144,167,11466
144,170,3187
144,177,4071
144,181,5310
144,184,9062
144,186,3621
144,193,8883
144,194,3438
145,146,11245
145,147,7957
145,148,2653
145,155,4726
145,162,5898
145,173,6151
145,181,2448
145,183,8438
145,184,6417
145,187,6154
145,188,7050
145,191,5945
146,148,9900
146,152,7449
146,156,10221
146,157,6977
146,165,12985
146,171,12064
146,172,10568
146,181,9285
146,183,3060
146,187,8475
146,192,6356
146,197,7582
147,153,12478
147,163,2671
147,168,1096
147,170,7966
147,173,8141
147,178,5839
147,183,6405
147,185,14263
147,187,2151
147,189,1068
147,196,5957
147,199,4991
148,154,5601
148,157,4934
148,171,5486
148,173,7059
148,180,6250
148,189,11251
148,190,8365
148,191,4823
148,193,5477
149,152,6138
149,157,3441
149,162,425
149,163,3563
149,166,3225
149,178,5801
149,182,10815
149,189,3460
150,156,4316
150,160,8349
150,171,6584
150,176,5944
150,177,1746
150,180,7100
150,182,6161
150,183,9332
150,185,3099
150,190,9489
150,195,4952
150,196,9093
151,154,11154
151,155,7850
151,158,7862
151,181,8952
151,187,5338
151,191,8268
151,194,9260
152,154,8173
152,157,3674
152,182,6044
152,183,4517
152,192,1254
152,196,6202
152,198,2043
152,199,7738
153,160,9794
153,163,9471
153,164,9995
153,165,5853
153,171,8029
153,173,9493
153,180,10643
153,182,6273
153,185,6253
153,186,2620
153,190,14183
153,192,7086
154,157,5517
154,158,2031
154,161,3241
154,168,6469
154,179,3413
154,190,13249
154,197,6080
155,161,2469
155,163,6558
155,171,6339
155,174,2397
155,188,8378
155,190,10437
155,195,8588
155,196,11921
156,163,11095
156,166,4966
156,169,10324
156,172,13669
156,182,1242
156,190,8534
156,193,4932
156,198,2795
157,159,646
157,160,5315
157,161,2546
157,162,2982
157,170,4895
157,178,4182
157,189,4941
157,192,3257
158,164,6068
158,165,1914
158,167,7783
158,168,4032
158,172,3897
158,183,9863
159,163,6720
159,164,4879
159,171,2285
159,175,5370
159,176,2261
159,178,4231
159,179,6085
159,181,7925
159,184,4542
159,194,3998
160,162,4810
160,163,10830
160,165,6270
160,170,6890
160,175,8071
160,176,1785
160,183,1728
160,185,10257
160,196,4181
161,173,8116
161,178,1599
161,179,3438
161,183,6735
161,194,1623
161,197,3623
161,199,1628
162,164,2861
162,168,516
162,177,6266
162,178,4993
162,179,7369
162,181,7701
162,182,10398
162,187,718
162,192,4715
162,193,5456
162,195,10812
162,198,5884
163,165,3377
163,172,874
163,173,9808
163,178,5392
163,180,8347
163,181,11218
163,183,8512
163,191,5039
163,197,7329
164,171,5261
164,174,7620
164,181,10896
164,189,390
165,176,4243
165,183,5995
165,188,5893
165,189,4454
165,190,8997
165,191,3199
165,196,7194
166,170,5596
166,172,6074
166,176,2409
166,190,5924
166,193,2409
167,175,10274
167,179,14868
167,192,2546
167,193,3531
168,170,7888
168,183,6084
168,188,3968
168,199,3118
169,172,3805
169,179,6780
169,189,3314
169,190,8372
169,195,9845
169,196,7009
170,173,6995
170,175,1540
170,178,2880
170,181,2297
170,187,7168
170,192,7663
170,194,6177
170,197,5004
171,177,5405
171,184,4051
171,189,5206
171,195,8543
171,196,8300
172,174,6321
172,175,7719
172,177,8937
172,179,8094
172,182,16897
172,184,5328
172,187,4026
172,194,6593
173,192,2436
173,193,2487
174,175,1389
174,177,2674
174,178,2105
174,181,5273
174,185,4624
174,186,2686
174,191,3354
174,193,4852
174,194,2850
175,181,4382
175,182,6526
175,192,4914
175,194,4010
176,182,8093
176,184,3734
176,195,6493
176,196,5670
176,197,2289
177,183,10601
177,193,3703
177,195,2860
177,198,3386
177,199,7718
178,180,8033
178,193,7104
178,197,3576
179,181,7375
179,191,1351
179,195,8951
181,195,1172
182,191,8732
182,195,1431
183,185,10556
183,187,3931
183,196,2016
183,198,5144
184,189,2365
184,192,4204
184,193,6906
185,186,3351
185,187,11244
185,191,7602
185,193,4383
185,197,6062
186,188,9393
186,190,8650
187,189,2765
187,194,4996
188,193,6642
189,192,6177
189,193,9881
191,197,5266
192,193,1149
193,194,6775
193,197,2552
195,197,6434
195,199,7130
197,199,4505
