# Tiles Problem, generated at: Tue Feb 16 23:33:06 EST 2021
# Landscape
2 3 3 1 3 4 1 3   1 2 3   3 2 4   2 3 1 
  3 2 3 4 2 1 1 2 4 2 1 3 4 1   3   1 2 
  4 2   4 3 2   4 2 2 3 1 1       3 2 4 
4 2 4 1 3 2 4 3 4   2 3     2 4 2   1 4 
1     4 2 1 4   3 4   4 2 2 4 4 2 1   4 
1 1 3   1   1 2 3 3   4 2 3 3 1 3 2 1 4 
4 3 1 1 3 3 4 1 2 3   3     4   2 1 2 1 
2   1 1 4 2 1   1 3 2 1 3 4   3   4 2   
  4 2 4 2 2   1 2       2 4   2   1     
      4   3 2   2 1 1 1 4 4 2 3 4 4 3   
4 1 2   4 4 4 3   1 2 1   2 4   4 1   2 
1 1 3 2 3 3 3 1   4 2 2 2 2 3   4 2 4 2 
1   3 4 3   4   2 2 1 3   1 4 3 2 3 1   
2 3 2 1 1 3 2 1 2 3 4 2     3   4   2 3 
1 3 3   1 3 4 2 3 2 1 1 2   4 4   4 4 1 
  4   4 1 1 2 2   2 2 3 4 1 4   4 3 1 4 
1   3     2 4 3   3 3   2 4 2 2 3 1 4 3 
4 1 1 3 2 4 3 2   2 1 3 1 3     1 3 4 1 
    4 1   1 4   3   3 3     3 2 2 3 4 1 
  2 3 4 2 4 2 1 1 4 1     1 1 2 2 3 1 4 

# Tiles: 
{EL_SHAPE=7, OUTER_BOUNDARY=11, FULL_BLOCK=7}

# Targets: 
1:21
2:25
3:22
4:22

