# Tiles Problem, generated at: Tue Feb 16 23:33:06 EST 2021
# Landscape
2 2 2 2 4   1 3 3 2 1   3 2 2 1 1 2   1 
1   4 1 4 2   4 3 2   1 2 3 3 1 2 2   1 
      1 4   1   3 4 3   2 2 2 1   2 4 4 
4   3   2 1 1 1     2 4 4 2   2   4 1 1 
4 1   4   2 1     4 2 3 2 4 1 1 4 1   2 
1 4 1 1 4 2   3 4 3 4 4 4     3 3 2   4 
3   4 4 2 2 3   4 1 1 1 4     4   4 4 1 
  4 3 3 4   1 3     2 3 4 3 1   4 2 4 4 
  3 2 3 3     4 1 2 4 4 3 1 4 1   1 1 1 
2 1 3 2 4 4   3 4 3   1 3 3     3 3 2 1 
4   4 1 2   4   2   4 3   3 3 1       1 
1 4 1 4 3 2   1 4 3 3 4 3 3 1 4 1 2   3 
1   2 4 2 3     1 3 3 4   3 4   4     3 
1 2 2 4 4 1 3 1     2 2 3 3 3 4 3 4 3 4 
1 1 4 2 4 3 3 4 2 3 3 4 2 2 2 4 1 3 1 1 
4 2 2 4 1 4   4   2 3 4 2 3 4 4 4   4   
4 1 3 1 2 1 2     2 4 1 1 4 3 4 3 4 3 1 
  2   2 1 3 1 1 2 4 4 2   3 1 1 2   1   
1 4 2   3 1 3 2 1 3 2 4 4   2 2 4 2 2 2 
1 3 3 3   1 3 1 1 1 1 1 1 4 3 4 3 2 3   

# Tiles: 
{EL_SHAPE=5, OUTER_BOUNDARY=10, FULL_BLOCK=10}

# Targets: 
1:11
2:16
3:22
4:12

