# Tiles Problem, generated at: Tue Feb 16 23:33:05 EST 2021
# Landscape
3     4 2 3 2 2 3     2 2   2   4 2 4 4 
1 4   3 1   4   1     3 1 4 1 4 4 3 3 4 
2 1 4 3   4         3 4 2 4 1 3 4 4   2 
4   4   2 4 4 4 3 3 2     4 1 2   3 1   
    2 3 3 1   4 4 1 3     3 3     3 2 1 
2 3 1 4 2 2 3 1   2 1 3   2 4 4   2 1 4 
  2 2 1 3 3   3 4 2 4   4 4 4 4   1   1 
3 2 1 1 1 3 1     1 2 1 3 3 1 4 1 1 2 3 
1 1   2 3 3   3 3 2 3     2 1 4 1 4 4   
4 1 1 4 3   2 4 4 1 1   2 1 2 1 2 2 1   
1 3 3 4 3 3 2 2 2   3 4   2   4 3 2 3   
  2 3 1 1 4 3 2   3 2 1     4 3 2 4 1 3 
3 3 2 4 4 4 2 4 4 1 2   4 3 4 4 3       
4 1 2 1 3 3 4 4 4 2 3 1 3   4 4 1 1 4 3 
3 2   1 4 2 2 1 3 1 3 4 2 1 1 4   3   1 
3 3 1   1 3 3 2   1 3 2 3 3       1   3 
1 2 1 2 3 1 3 2 4 2   1 2   2 3 2 4 4 1 
3 4 1 2   4 3 3 1   3 4 1   3   4 4 2 4 
4 2 3 2 4 3 1 4 2 1 4 4   1 2   1 4   3 
4 4 1 3 3 2 3 4 3 2 4 4   4 3   4 2 1 1 

# Tiles: 
{EL_SHAPE=12, OUTER_BOUNDARY=8, FULL_BLOCK=5}

# Targets: 
1:34
2:30
3:28
4:28

